42370411000001101
1165211000001106
5511711000001106
422011000001104
1328511000001101
275811000001103
1328611000001102
857511000001101
1328711000001106
181611000001107
1328811000001103
162411000001102
1328911000001108
734011000001102
1329011000001104
417811000001102
1329211000001109
35311000001104
1329711000001102
646611000001108
1329911000001100
721711000001100
1330011000001105
282111000001106
1330111000001106
663211000001106
1330211000001100
542611000001104
1330311000001108
8973911000001102
8974211000001109
10383311000001103
10383411000001105
11399511000001103
11399711000001108
13740511000001105
13740611000001109
14802211000001104
14802311000001107
15070011000001107
15070111000001108
15967811000001103
15967911000001108
15986011000001108
15986111000001109
17788511000001107
17788811000001105
18279711000001101
18279811000001109
18458811000001101
18458911000001106
21779011000001102
21779111000001101
22612211000001103
22612311000001106
28945411000001108
28945611000001106
29997411000001106
29997511000001105
35592311000001101
35592411000001108
38797711000001107
38797811000001104
39575611000001103
39575711000001107
40546211000001108
40546411000001107
41888411000001105
41888511000001109
41929811000001103
41929911000001108
42370711000001107
1256211000001107
58311000001109
1330411000001101
401411000001109
1330511000001102
674511000001104
1330611000001103
271911000001106
1330711000001107
423911000001107
1330811000001104
874711000001101
1330911000001109
335611000001106
1331011000001101
225111000001106
1331111000001100
852111000001108
1331211000001106
790911000001104
1331311000001103
884011000001109
1331411000001105
718711000001103
1331511000001109
263511000001107
1331611000001108
8750211000001105
8750311000001102
9791711000001104
9791911000001102
10383111000001100
10383211000001106
11177311000001101
11177411000001108
13740311000001104
13740411000001106
14802011000001109
14802111000001105
15968211000001100
15968311000001108
15986411000001104
15986511000001100
17788311000001101
17788411000001108
18279911000001104
18280011000001103
18458611000001100
18458711000001109
38077711000001100
21778811000001101
21778911000001106
22612611000001101
22612711000001105
28945211000001109
28945311000001101
29771711000001105
29771811000001102
29997211000001107
29997311000001104
35592111000001103
35592211000001109
38798311000001109
38798411000001102
39575411000001101
39575511000001102
40545911000001106
40546111000001102
41888211000001106
41888311000001103
41929211000001104
41929711000001106
42370611000001103
1087111000001104
5512311000001103
10811000001107
1331711000001104
244111000001105
1331811000001107
623811000001100
1331911000001102
482511000001101
1332011000001109
317111000001101
1332111000001105
877011000001106
1332211000001104
375411000001106
1332311000001107
774211000001105
1332411000001100
600811000001101
1332511000001101
907211000001102
1332611000001102
393011000001109
1332711000001106
608911000001108
1332811000001103
47711000001105
1332911000001108
8749411000001101
8749611000001103
9791011000001101
9791211000001106
10382911000001109
10383011000001101
11177011000001104
11177211000001109
13740111000001101
13740211000001107
14801811000001107
14801911000001102
15070211000001102
15070311000001105
15968011000001105
15968111000001106
15986211000001103
15986311000001106
17787911000001101
17788111000001103
18280111000001102
18280211000001108
18458411000001103
18458511000001104
20137611000001100
20137711000001109
21778611000001100
21778711000001109
22612411000001104
22612511000001100
29997011000001102
29997111000001101
38798111000001107
38798211000001101
39575211000001100
39575311000001108
40545611000001100
40545811000001101
41888011000001101
41888111000001100
41929011000001109
41929111000001105
42371511000001109
1121411000001102
5461011000001103
37231011000001105
249811000001104
1339811000001108
37767711000001103
706111000001101
1339911000001103
853911000001104
1340011000001109
501211000001103
1340111000001105
904411000001108
1340311000001107
573811000001107
1340411000001100
37231111000001106
433811000001104
1340611000001102
392011000001100
1340811000001103
653711000001109
1340911000001108
93911000001106
1341011000001100
349611000001108
1341111000001104
557311000001108
1341511000001108
483911000001101
1620111000001100
19711000001106
1627811000001106
859411000001109
2796011000001101
7376711000001106
7376811000001103
9105811000001100
9105911000001105
10285811000001100
10285911000001105
10288911000001104
10289111000001109
10385311000001102
10385411000001109
10438411000001104
10438611000001101
14114011000001109
14114211000001104
15058811000001101
15059011000001102
17807611000001106
17807811000001105
42569211000001100
18497711000001100
18497811000001108
19708411000001100
19708511000001101
37756111000001109
19734211000001100
19734311000001108
21281511000001108
21281611000001107
21801411000001101
21801711000001107
30003311000001104
30003411000001106
35138211000001108
35138411000001107
36727511000001103
36727711000001108
38809611000001108
38809711000001104
38864911000001102
38865011000001102
39835211000001104
39835311000001107
41439211000001104
41439311000001107
42315511000001103
42315611000001104
42367111000001102
42367211000001108
42621611000001100
42621711000001109
42371311000001103
1205111000001103
5344311000001103
14339911000001105
628711000001102
1619811000001108
10241511000001108
10241611000001107
10740811000001109
10740911000001104
10743711000001105
10743811000001102
37767311000001102
13436211000001103
13436311000001106
37230911000001102
15058411000001103
15058511000001104
17012411000001106
17012511000001105
17328511000001103
17328611000001104
17807211000001109
17807411000001108
42569111000001106
18506411000001104
18506511000001100
18553111000001106
18553211000001100
19708011000001109
19708111000001105
37756011000001108
20283611000001102
20283711000001106
20475811000001108
20475911000001103
20577811000001109
20577911000001104
21108211000001103
21108311000001106
21281311000001102
21281411000001109
21802011000001102
21802111000001101
22496711000001105
22496811000001102
30002511000001103
30002611000001104
32396311000001101
32396411000001108
35137811000001105
35137911000001100
36727311000001109
36727411000001102
38810011000001107
38810111000001108
38864711000001104
38864811000001107
42314511000001104
42314811000001101
42366711000001104
42366811000001107
42622111000001103
42622211000001109
42371211000001106
1135411000001101
37231311000001108
632011000001104
1342711000001105
37767211000001105
13211000001101
1342811000001102
888911000001101
1342911000001107
405411000001107
1343011000001104
589411000001102
1343111000001103
502311000001102
1343211000001109
37231411000001101
841811000001108
1343511000001107
43211000001107
1343611000001106
78411000001104
1343711000001102
634311000001108
1343811000001105
561511000001101
1344011000001102
329611000001106
1344111000001101
106611000001104
1621211000001100
890111000001100
1621711000001107
544711000001103
2796111000001100
7376911000001108
7377011000001107
9739311000001105
9739411000001103
10285411000001102
10285511000001103
10288511000001106
10288711000001101
10385511000001108
10385611000001107
10437911000001106
10438011000001108
14114311000001107
14114511000001101
15058011000001107
15058211000001102
17808111000001102
17808411000001107
42569311000001108
18497911000001103
18498011000001101
19734511000001102
19734611000001103
21281711000001103
21281811000001106
21803111000001107
21803211000001101
22621611000001102
22621711000001106
37756211000001103
30003511000001105
30003611000001109
35138711000001101
35138911000001104
36728011000001107
36728211000001102
38809411000001105
38809511000001109
38865311000001104
38865411000001106
39835411000001100
39835611000001102
42313911000001109
42314011000001107
42367511000001106
42367611000001105
42621911000001106
42622011000001104
42382611000001105
1283411000001105
1054511000001108
1075311000001100
936211000001109
1351011000001102
900511000001103
1351111000001101
1351211000001107
386111000001101
1351311000001104
694211000001107
1351411000001106
3659211000001106
3659311000001103
4230411000001104
4230511000001100
9481411000001103
9481511000001104
10415811000001104
10416011000001101
11427411000001105
11427511000001109
16067611000001105
16068411000001106
17799811000001102
17800111000001104
21901211000001105
21901311000001102
26785611000001103
26785811000001104
30098811000001100
30098911000001105
30916011000001102
30916111000001101
35185211000001109
35185311000001101
39256611000001101
39256711000001105
42382511000001106
948111000001100
447111000001104
1351711000001100
42372911000001108
1167711000001105
1213811000001109
5454811000001104
5454911000001109
742311000001105
1352111000001106
1352211000001100
749111000001104
1352611000001103
354811000001105
1352911000001109
164711000001103
1353011000001101
607511000001100
1353111000001100
339411000001106
1353311000001103
735811000001109
1353711000001104
864811000001100
1354011000001104
4566011000001107
4566111000001108
7457411000001105
7457511000001109
17853311000001102
17853411000001109
21831611000001108
21831711000001104
23788611000001100
23788811000001101
30012711000001106
30012811000001103
39845811000001104
39845911000001109
42382411000001107
1016511000001109
171311000001108
1352011000001105
446211000001108
1352311000001108
615911000001100
1352411000001101
186211000001102
1352511000001102
646911000001102
1352711000001107
364111000001105
1352811000001104
3658411000001102
3658711000001108
4230811000001102
4230911000001107
10416411000001105
10416511000001109
11428011000001100
11428111000001104
13770711000001101
13770811000001109
16069211000001102
16069311000001105
21289411000001105
21289511000001109
21901611000001107
21901711000001103
26787311000001100
26787511000001106
30099211000001106
30099311000001103
30916411000001106
30916511000001105
35185611000001106
35185711000001102
39256411000001104
39256511000001100
42382711000001101
1197911000001105
1120211000001107
1279711000001108
18485511000001102
909811000001109
1353211000001106
463811000001109
1353411000001105
18485611000001103
104011000001101
1353511000001109
1353611000001108
680311000001106
1353811000001107
654011000001109
1353911000001102
170011000001101
1354111000001103
570411000001102
1354211000001109
3659411000001105
3659511000001109
4230611000001101
4230711000001105
10416211000001106
10416311000001103
11427811000001107
11427911000001102
13770911000001104
13771011000001107
16068711000001100
16069011000001107
17800411000001109
17800711000001103
21289211000001106
21289311000001103
21901411000001109
21901511000001108
26786011000001101
26786211000001106
30099011000001101
30099111000001100
30916211000001107
30916311000001104
35185411000001108
35185511000001107
39256911000001107
39257011000001106
42377411000001102
1280211000001101
1089011000001109
1296411000001101
393511000001101
1368111000001104
1368211000001105
1368311000001102
499011000001103
10305011000001104
1368411000001109
126811000001105
1368511000001108
10646111000001106
31811000001105
1368611000001107
482411000001100
1368811000001106
683311000001100
13437111000001107
1368911000001101
1369011000001105
407511000001102
1369111000001106
1369311000001108
160511000001104
7560711000001101
1369611000001103
1369711000001107
519211000001104
1369811000001104
113511000001109
1370011000001108
378011000001105
1370111000001109
1370211000001103
3705211000001105
11406211000001101
17969511000001107
11406311000001109
15110511000001101
15110711000001106
21286311000001105
21286411000001103
21798411000001108
21798711000001102
21798911000001100
24383811000001108
24383911000001103
24384011000001100
35167811000001103
35167911000001108
36610411000001100
36610511000001101
36610611000001102
37120911000001103
37121011000001106
39044611000001100
39044811000001101
39045011000001106
42377311000001109
1152211000001109
1085211000001102
1015411000001101
121711000001108
1370611000001101
1370711000001105
1370811000001102
834111000001104
10305111000001103
1371011000001104
89911000001105
1371311000001101
10646211000001100
193911000001101
1371611000001106
622511000001105
1371811000001105
497611000001100
13539811000001104
1372211000001102
1372311000001105
203711000001103
1372511000001104
1372711000001109
927811000001105
7560811000001109
1373011000001103
1373111000001102
573311000001103
1373411000001107
756911000001107
1373711000001101
610811000001104
1373911000001104
1374111000001100
1374311000001103
46411000001101
2805711000001107
11406511000001103
17969811000001105
11406611000001104
15110311000001107
15110411000001100
29920311000001109
17941511000001101
17941611000001102
42582011000001101
21286511000001104
21286611000001100
21799011000001109
21799211000001104
21799311000001107
24383511000001105
24383611000001109
24383711000001100
35168011000001105
35168111000001106
36610711000001106
36610811000001103
36610911000001108
37121211000001101
37121311000001109
39044411000001103
39044511000001104
42380111000001101
1054611000001107
1162911000001105
38621711000001100
41159611000001100
695911000001104
1374811000001107
41310211000001109
98911000001101
1374911000001102
212711000001109
1375411000001106
567911000001100
1375511000001105
397911000001104
1375611000001109
395011000001105
1375711000001100
163111000001101
1376111000001107
795211000001104
1376311000001109
387611000001106
1597811000001107
9153711000001103
9153811000001106
9808311000001105
9808411000001103
14782711000001105
14782811000001102
17919311000001100
17919511000001106
42589511000001100
21870211000001103
21870311000001106
23489111000001108
23489311000001105
41159711000001109
30080711000001105
30080811000001102
36106311000001108
36106411000001101
36922511000001108
36922611000001107
37135411000001101
37135511000001102
37150611000001105
37150711000001101
38621811000001108
39801111000001102
38622011000001105
38885611000001106
38885711000001102
39195611000001104
39195711000001108
40224811000001108
40224911000001103
40691311000001106
40691411000001104
40743511000001102
40743611000001103
40940811000001104
40940911000001109
41199611000001105
41199711000001101
42764111000001106
42764211000001100
38751111000001107
1002511000001106
226211000001106
1379811000001106
388811000001109
1380011000001100
724111000001103
1380111000001104
573711000001104
1380411000001109
2899011000001105
2899111000001106
8393911000001102
8394011000001104
15610611000001101
15610711000001105
18069311000001100
18069511000001106
18694811000001101
18695211000001101
38751211000001101
1018511000001105
1010111000001103
14252911000001106
154311000001108
1380711000001103
240711000001100
1380911000001101
574311000001101
1381011000001109
549611000001106
1381211000001104
1381311000001107
510611000001108
1381411000001100
2899211000001100
2899311000001108
8394111000001103
8394211000001109
15610411000001104
15610511000001100
18069011000001103
18069111000001102
18695311000001109
18695611000001104
42380311000001104
1122611000001105
1284311000001101
38621311000001104
41159211000001102
188311000001109
1382911000001102
41310411000001108
92011000001103
1383011000001105
859211000001105
1383111000001106
930211000001107
1383211000001100
23611000001107
1383411000001101
502911000001101
1383511000001102
587411000001106
1383611000001103
316911000001101
1383811000001104
9153911000001101
9154011000001103
9808611000001100
9808811000001101
14782911000001107
14783011000001104
17919711000001101
17919911000001104
42589611000001101
21870611000001101
21870711000001105
23489711000001109
23489811000001101
41159311000001105
30080911000001107
30081011000001104
36106511000001102
36106611000001103
36922911000001101
36923011000001109
37135611000001103
37135711000001107
37150411000001107
37150511000001106
38621411000001106
39801211000001108
38621511000001105
38888511000001104
38888611000001100
39196211000001107
39196311000001104
40225011000001103
40225111000001102
40743711000001107
40743811000001104
40850411000001109
40850511000001108
40941011000001101
40941111000001100
41195511000001108
41200311000001109
41214211000001107
41214311000001104
42763811000001102
42763911000001107
42380511000001105
1243711000001109
1100911000001107
1210511000001100
763811000001100
1384811000001101
860111000001103
1384911000001106
59811000001107
1385011000001106
821011000001100
1385111000001107
694511000001105
1385211000001101
710011000001102
1385311000001109
650311000001104
1385511000001103
9154111000001102
9154211000001108
14783111000001103
14783211000001109
21870811000001102
21870911000001107
23490311000001100
23490611000001105
30081111000001103
30081211000001109
36106711000001107
36106811000001104
36922711000001103
36922811000001106
37135811000001104
37135911000001109
37150211000001108
37150311000001100
38621111000001101
38621211000001107
39196411000001106
39196511000001105
40225211000001108
40225311000001100
40850011000001100
40850111000001104
40941711000001104
40941811000001107
41214411000001106
41214711000001100
42371111000001100
1177911000001101
5343911000001104
37230711000001104
712511000001106
1626911000001104
10241311000001102
10241411000001109
10740611000001105
10740711000001101
11252511000001108
11252611000001107
37767111000001104
13436011000001108
13436111000001109
37230811000001107
15057811000001100
15057911000001105
17012211000001107
17012311000001104
17806811000001108
17807011000001104
42568511000001108
18506211000001103
18506311000001106
19707811000001102
19707911000001107
37755711000001102
20283411000001100
20283511000001101
20358011000001102
20358111000001101
20475611000001109
20475711000001100
21105111000001104
21105211000001105
21800411000001105
21800811000001107
22495911000001100
22496011000001108
30001311000001100
30001411000001107
32396111000001103
32396211000001109
35137411000001108
35137611000001106
38809211000001106
38809311000001103
38846311000001100
38846511000001106
39834811000001104
39834911000001109
42313711000001107
42313811000001104
42366511000001109
42366611000001108
42622511000001107
42622611000001106
35903211000001107
1005611000001101
17787311000001102
373311000001100
1386111000001101
11560811000001105
11560911000001100
11623011000001105
11623111000001106
16183211000001105
16183311000001102
17787011000001100
18083111000001102
17787611000001107
17962611000001104
17962711000001108
21778411000001103
21778511000001104
22600211000001101
22600311000001109
22612011000001108
22612111000001109
29771511000001100
29771611000001101
31406511000001101
31406611000001102
35904011000001100
35904111000001104
38797911000001109
38798011000001106
40643011000001104
40643311000001101
42380211000001107
940911000001104
1084611000001101
812211000001106
1386211000001107
5058011000001108
696011000001107
1386311000001104
34011000001101
1386411000001106
582811000001105
1386511000001105
785011000001105
1386711000001100
146511000001105
1386911000001103
9154311000001100
9154411000001107
15178011000001102
15178111000001101
21871011000001104
21871111000001103
30081311000001101
30081411000001108
36107111000001109
36107211000001103
39195911000001105
39196111000001101
40225411000001107
40225511000001106
40941911000001102
40942011000001109
39724211000001101
1098611000001105
632811000001105
1389011000001108
4814811000001108
4814911000001103
10347111000001100
10347211000001106
39725211000001100
1049311000001104
925711000001108
1389211000001103
4815111000001102
4815411000001107
10347311000001103
10347411000001105
39725711000001107
943511000001100
14672611000001100
298111000001105
1389511000001100
4815811000001109
4816011000001107
9703611000001105
9703711000001101
10347511000001109
10347611000001108
40323011000001106
40323111000001107
40323211000001101
40524711000001107
40524811000001104
42375711000001102
1271711000001109
1240311000001104
50911000001108
1389711000001105
281111000001101
1389811000001102
639011000001106
1390211000001109
1390111000001103
2211000001109
1390411000001108
192511000001101
1390611000001106
311711000001109
1390811000001105
211811000001105
1391111000001109
22055311000001102
22055411000001109
23951911000001100
23952011000001107
29882111000001109
29882211000001103
30217211000001105
30217311000001102
36536911000001109
36537011000001108
39010011000001106
39010211000001101
42375811000001105
1038111000001109
1311511000001104
22311000001107
1392511000001108
265911000001104
1392611000001107
77311000001105
1393011000001109
1393311000001107
99411000001101
1393511000001101
846811000001103
1393711000001106
341511000001108
1394111000001107
806211000001105
1394311000001109
22055511000001108
22055611000001107
23952111000001108
23952211000001102
29882311000001106
29882411000001104
36537111000001109
36537211000001103
39010311000001109
39010511000001103
39701211000001106
1254011000001107
16561111000001106
726011000001109
1615811000001105
13801211000001108
13801311000001100
14033711000001109
14033911000001106
14038411000001109
14038511000001108
14169511000001101
14169611000001102
14404711000001108
14404811000001100
15237011000001103
15237111000001102
15413311000001102
15413411000001109
15524311000001103
15524411000001105
15638211000001109
15638311000001101
17945911000001105
17946011000001102
19836511000001105
19836611000001109
20312411000001102
20312511000001103
21819211000001101
21819311000001109
22464711000001103
22464811000001106
24483711000001109
24483911000001106
30063611000001108
30078111000001102
32425311000001105
32425411000001103
36764911000001106
36765011000001106
36836611000001102
36836711000001106
38003411000001109
38003511000001108
38073611000001101
38073711000001105
39015911000001101
39016011000001109
39051511000001104
39051811000001101
40959411000001108
40959511000001107
41217611000001103
41217911000001109
42375911000001100
1301911000001109
1160811000001101
246511000001107
1395611000001103
179211000001104
1395811000001104
674711000001109
1397211000001108
1397011000001103
166411000001101
1397311000001100
296411000001101
1397611000001105
929111000001109
1397711000001101
295111000001100
1398011000001102
17929411000001101
17929511000001102
22055711000001103
22055811000001106
23952311000001105
23952411000001103
29882511000001100
29882611000001101
39856411000001108
39856511000001107
42373011000001100
1305911000001106
141911000001108
1395411000001101
93711000001109
1395511000001102
684111000001100
1395711000001107
881311000001109
1395911000001109
328311000001107
1396011000001101
479211000001100
1396111000001100
111000001107
1396211000001106
3702811000001104
3702911000001109
7457611000001108
7457711000001104
17853511000001108
17853811000001106
18164711000001106
18164811000001103
21831811000001107
21831911000001102
23789711000001100
23789811000001108
29784811000001106
29784911000001101
38827911000001103
38828111000001100
42372711000001106
1053911000001103
873111000001104
1396311000001103
7333711000001101
7333811000001109
7337811000001103
7337911000001108
7377111000001108
7377211000001102
7397711000001104
7397811000001107
7398911000001101
7399011000001105
7402011000001106
7402111000001107
7469111000001102
7469311000001100
7493711000001102
7493811000001105
9033311000001105
9033511000001104
10289511000001100
10289711000001105
10387911000001106
10388011000001108
10439811000001109
10439911000001104
11399611000001104
11399811000001100
11401411000001108
11401611000001106
13742211000001108
13742311000001100
14114811000001103
14115011000001108
15072411000001102
15072611000001104
17825711000001103
17825811000001106
18556911000001103
18557011000001104
19712011000001109
19712111000001105
21820011000001107
21820111000001108
22324411000001108
22324511000001107
23958011000001105
23958111000001106
30008311000001107
30008411000001100
38090911000001106
38091011000001103
38824111000001106
38824211000001100
38933511000001108
38933811000001106
40288711000001103
40288811000001106
42372811000001103
1166311000001108
690511000001101
1396411000001105
7332411000001103
7332511000001104
7333911000001104
7334011000001101
7338011000001105
7338111000001106
7377311000001105
7377411000001103
7397911000001102
7398011000001100
7402211000001101
7402311000001109
7469511000001106
7469711000001101
7493911000001100
7494111000001101
7974311000001107
7974411000001100
9033711000001109
9034011000001109
10289811000001102
10289911000001107
10388111000001109
10388211000001103
10440211000001100
10440411000001101
11399911000001105
11400211000001103
11401811000001105
11402011000001107
13742411000001107
13742511000001106
14115211000001103
14115411000001104
15072711000001108
15072811000001100
17825911000001101
17826011000001109
18557111000001103
18557211000001109
19712211000001104
19712311000001107
21820211000001102
21820511000001104
22324711000001102
22324811000001105
23958311000001108
23958511000001102
30008511000001101
30008611000001102
38085011000001100
38085111000001104
38824311000001108
38824411000001101
38934111000001102
38934211000001108
40288511000001108
40288611000001107
42372511000001101
1090311000001102
334711000001101
1396511000001109
7332611000001100
7332711000001109
7334111000001100
7334211000001106
7338211000001100
7338311000001108
7377511000001104
7377611000001100
7398111000001104
7398211000001105
7402411000001102
7402511000001103
7469811000001109
7470011000001100
7494311000001104
7494411000001106
7974511000001101
7974611000001102
9034211000001104
9034311000001107
10290211000001109
10290311000001101
10388311000001106
10388411000001104
10438811000001102
10439111000001102
11399311000001109
11399411000001102
11402311000001105
11402411000001103
13742611000001105
13742711000001101
14115611000001101
14115711000001105
15071911000001104
15072011000001106
17826111000001105
17826211000001104
18557311000001101
18557411000001108
19711611000001108
19711711000001104
21820811000001101
21821111000001102
22324911000001100
22325011000001100
23958611000001103
23958711000001107
30008711000001106
30008811000001103
38085211000001105
38085311000001102
38823711000001105
38823811000001102
38934411000001107
38934511000001106
40209411000001102
40209511000001103
42372611000001102
1080411000001105
5542411000001101
709911000001107
1396811000001107
7332811000001101
7332911000001106
7334311000001103
7334411000001105
7338411000001101
7338511000001102
7377711000001109
7377811000001101
7398311000001102
7398411000001109
7402611000001104
7402711000001108
7470111000001104
7470311000001102
7494511000001105
7494711000001100
7974711000001106
7974811000001103
9034511000001101
9034611000001102
10290511000001107
10290711000001102
10388511000001100
10388611000001101
10439511000001106
10439711000001101
13742811000001109
13742911000001104
14115811000001102
14115911000001107
15072211000001101
15072311000001109
17826311000001107
17826411000001100
17962911000001105
17963111000001101
18557511000001107
18557611000001106
19711811000001107
19711911000001102
21821011000001103
21821211000001108
22325111000001104
22325211000001105
23958911000001109
23959111000001104
37051311000001100
37051511000001106
38085411000001109
38085511000001108
38823911000001107
38824011000001105
38934611000001105
38934711000001101
40208811000001107
40208911000001102
42383411000001103
1265911000001104
72811000001104
1616111000001109
23165911000001107
23166011000001104
23482011000001100
23482111000001104
23681211000001100
23681311000001108
36888711000001102
36888811000001105
37825811000001109
37825911000001104
39907811000001109
39907911000001104
41509211000001103
41509311000001106
42379111000001101
1263411000001108
14684311000001105
568511000001106
1485211000001109
20464311000001107
20464411000001100
20638611000001102
20638711000001106
42379011000001102
1071611000001107
592911000001104
1485311000001101
20360111000001109
20360211000001103
20365211000001107
20365311000001104
20464511000001101
20464611000001102
36035411000001108
978011000001102
11923511000001101
185111000001102
1485411000001108
916111000001108
1485511000001107
36023011000001102
1070411000001100
473011000001107
1485711000001102
42373711000001103
1191711000001104
884711000001106
1497711000001109
653811000001101
1497911000001106
143311000001108
1498311000001106
629011000001109
1498411000001104
825011000001103
1498711000001105
439411000001104
1498911000001107
622411000001106
1499111000001102
587011000001102
1499311000001100
576211000001104
1499411000001107
32111000001108
1499811000001109
552311000001106
1500011000001104
903211000001106
1500211000001109
9789211000001106
9789311000001103
10398711000001106
10398811000001103
17888911000001103
17889011000001107
21408611000001102
21408711000001106
21942111000001101
21942211000001107
23857811000001106
23857911000001101
29799911000001101
29800011000001108
35592511000001107
35592611000001106
37056211000001100
37056311000001108
38858711000001100
38858811000001108
42832111000001109
42832311000001106
42373611000001107
1132711000001103
793911000001107
1501311000001106
588911000001102
1501411000001104
485811000001105
1501611000001101
101411000001108
1501811000001102
288711000001105
1502211000001105
298311000001107
1502411000001109
589111000001107
1502611000001107
594311000001107
1502711000001103
134211000001101
1502811000001106
650411000001106
1503011000001109
248711000001103
1503211000001104
885911000001107
1503411000001100
9789611000001108
9789711000001104
10398911000001108
10399011000001104
17889111000001108
17889211000001102
20480411000001109
20480511000001108
21942311000001104
21942411000001106
23858011000001104
23858111000001103
29799711000001103
29799811000001106
35592711000001102
35592811000001105
37056411000001101
37056511000001102
38858311000001104
38858511000001105
42370511000001102
1073711000001102
721411000001106
1519811000001103
42210911000001109
991311000001101
5562111000001104
74311000001101
1631011000001107
42295111000001102
979011000001107
237011000001100
1631111000001108
39725011000001105
1002011000001103
878911000001106
2080311000001104
42376011000001108
1237211000001105
42611000001104
2162211000001102
42371411000001105
971011000001108
5344711000001104
14340711000001102
823111000001103
2166411000001102
10741011000001107
10741111000001108
13919311000001107
13919411000001100
15059211000001107
15059511000001105
17012611000001109
17012711000001100
18084911000001102
18085011000001102
18506611000001101
18506711000001105
18743711000001108
18743811000001100
19708211000001104
19708311000001107
20283811000001103
20283911000001108
20357211000001108
20357311000001100
21802311000001104
21802511000001105
22495711000001102
22495811000001105
30002911000001105
30003211000001107
32396511000001107
32396611000001106
33565611000001109
33565711000001100
35138011000001103
35138111000001102
38810211000001102
38810311000001105
38847911000001101
38848011000001104
42315111000001107
42315311000001109
42366911000001102
42367011000001103
42371611000001108
1137011000001103
5345411000001106
404511000001105
2168211000001100
10741211000001102
10741311000001105
13919811000001103
13920011000001105
15059711000001100
15059911000001103
18506811000001102
18506911000001107
19708611000001102
19708711000001106
20284011000001106
20284111000001107
21802711000001100
21802911000001103
22203811000001105
22203911000001100
22496111000001109
22496211000001103
28237411000001104
28237611000001101
32396711000001102
32396811000001105
32807411000001109
32807511000001108
33572411000001107
33572611000001105
35138511000001106
35138611000001105
38809811000001107
38809911000001102
38865111000001101
38865211000001107
42315911000001105
42316011000001102
42367311000001100
42367411000001107
35932411000001108
1252811000001107
350811000001100
2198111000001109
42380411000001106
1195711000001102
333111000001104
2199511000001106
35932811000001105
943111000001109
295911000001102
2356111000001106
21861711000001108
21861811000001100
22352811000001103
22352911000001108
22606611000001102
22606711000001106
24412611000001108
24412711000001104
28036211000001109
28036311000001101
28915211000001100
28915311000001108
30755911000001109
30756011000001101
32759511000001108
32759611000001107
33137411000001101
33137611000001103
33558611000001109
33558711000001100
34243511000001107
34243611000001106
37780411000001108
37780511000001107
35932311000001101
1309811000001103
28711000001109
2357011000001108
21870411000001104
21870511000001100
22353611000001107
22353711000001103
22451311000001105
22451611000001100
22606811000001103
22606911000001108
23431511000001108
23431611000001107
23960011000001104
23960111000001103
24412311000001103
24412411000001105
24572211000001107
24572311000001104
28035811000001102
28035911000001107
28137011000001105
28137111000001106
32759311000001102
32759411000001109
33137811000001104
33138111000001107
33558811000001108
33558911000001103
34243311000001101
34243411000001108
35932711000001102
1042811000001103
823311000001101
2357311000001106
21862811000001109
21862911000001104
22354011000001103
22354111000001102
22451711000001109
22451811000001101
22607011000001107
22607111000001108
23431711000001103
23431811000001106
23960211000001109
23960311000001101
24572411000001106
24572511000001105
28036011000001104
28036111000001103
28137211000001100
28137311000001108
32759911000001101
32760011000001104
33138211000001101
33138411000001102
33559011000001107
33559111000001108
34246411000001103
34246511000001104
42383311000001105
1096311000001104
98411000001109
2402211000001104
30993311000001109
30993411000001102
31244611000001104
31244711000001108
31257511000001109
31257611000001108
35930811000001109
1279511000001103
694711000001100
2781711000001106
35903411000001106
1234511000001100
9111000001107
2786211000001107
42377211000001101
2977011000001104
2977611000001106
2977911000001100
35903311000001104
3142411000001101
3142511000001102
3142611000001103
3142711000001107
3142811000001104
42378911000001106
3378511000001109
3379011000001106
3379511000001103
20359911000001106
20360011000001108
20365011000001102
20365111000001101
20464711000001106
20464811000001103
36091611000001101
3444311000001100
3444411000001107
3444511000001106
3631211000001109
3614311000001106
3615711000001109
3616011000001103
42379511000001105
3638011000001105
3638411000001101
3638911000001109
42377811000001100
3686411000001109
27981911000001100
40536811000001108
3686511000001108
3686811000001106
27982111000001108
40536911000001103
27982311000001105
40537011000001104
42378011000001107
3687111000001101
3687411000001106
3687711000001100
40993311000001108
40993611000001103
41127311000001104
41127411000001106
42641311000001108
42641411000001101
42379711000001100
3705311000001102
3705511000001108
3705711000001103
3705911000001101
3706111000001105
3706311000001107
3706411000001100
3706611000001102
3707011000001107
3707211000001102
17878311000001107
17878411000001100
21847911000001109
21848011000001106
29985611000001103
29985711000001107
30077011000001104
30077111000001103
42371011000001101
3799211000001105
3799411000001109
3799611000001107
36035311000001101
3852911000001100
3853411000001104
3853511000001100
42377711000001108
3886011000001107
3886211000001102
3886711000001109
42379611000001109
3887211000001100
3887411000001101
3887511000001102
42377911000001105
4057811000001107
4057911000001102
4058011000001100
35932611000001106
4371011000001105
4371111000001106
4371211000001100
36037611000001104
4413711000001109
4413911000001106
4414111000001105
21024711000001102
21024811000001105
21231511000001100
21231611000001101
21233911000001108
21234011000001106
37530611000001101
37530711000001105
39733811000001100
4542811000001109
4542911000001104
4543011000001107
7978711000001103
7978811000001106
7978911000001101
7979011000001105
8305311000001100
8294711000001107
29562111000001106
8294811000001104
8295111000001105
29562311000001108
8305111000001102
8294911000001109
8295011000001109
8295211000001104
8305211000001108
8295911000001108
24431311000001100
8296611000001107
8297011000001102
24431711000001101
8305011000001103
8295511000001101
8295711000001106
8295811000001103
8304911000001103
8296011000001100
23388911000001105
8296111000001104
8296411000001109
23389111000001100
8304811000001108
8297311000001104
23389211000001106
8297411000001106
8297611000001109
23389311000001103
8356811000001107
8333311000001108
23390211000001100
8333611000001103
8333811000001104
23390311000001108
8582111000001107
8556411000001107
35053011000001103
8556511000001106
8556811000001109
35053111000001102
8582211000001101
8557011000001100
8557111000001104
8557311000001102
8581911000001104
8557611000001107
8557811000001106
8557911000001101
8582011000001106
8558011000001104
8558111000001103
8558211000001109
8582311000001109
8563711000001103
8563811000001106
8563911000001101
8582411000001102
8564011000001103
8564111000001102
8564211000001108
8668011000001102
8631611000001105
8632011000001106
8632111000001107
8668111000001101
8632611000001104
8633111000001101
8633411000001106
8668211000001107
8632911000001105
21938511000001106
22249611000001102
8633011000001102
8633311000001104
21938611000001105
22249711000001106
8668411000001106
8633511000001105
22058711000001105
8633711000001100
8633811000001108
22059011000001103
8668711000001100
8634011000001100
8634111000001104
8634211000001105
8668811000001108
8634411000001109
28931311000001104
8634611000001107
8634811000001106
28931511000001105
8668511000001105
8634511000001108
8634911000001101
8635111000001100
8668911000001103
8635311000001103
27879311000001100
8635411000001105
8635511000001109
27879411000001107
8668611000001109
8635611000001108
8636011000001105
8636111000001106
8669111000001108
8635711000001104
27879511000001106
8635811000001107
8635911000001102
27879611000001105
8669211000001102
8636211000001100
8636311000001108
8636411000001101
8669311000001105
8636511000001102
8636611000001103
8636711000001107
8672711000001106
8654011000001101
8654111000001100
8654311000001103
8672811000001103
8654611000001108
8654711000001104
8654911000001102
8672911000001108
8655511000001105
8655711000001100
8655811000001108
8673011000001100
8656011000001106
8656111000001107
8656211000001101
8726611000001108
8701811000001107
8702311000001107
8702511000001101
8726711000001104
8702711000001106
8702811000001103
8702911000001108
8727411000001107
8703411000001109
8703711000001103
8703811000001106
8727111000001102
8703911000001101
8704211000001108
8704511000001106
8727511000001106
8704311000001100
8704611000001105
8704711000001101
8727211000001108
8705111000001103
8705211000001109
8705411000001108
8726811000001107
8704811000001109
8704911000001104
8705011000001104
8726911000001102
8705311000001101
27882411000001108
8705511000001107
8705611000001106
27882511000001107
11815311000001108
11799411000001101
11799511000001102
11799611000001103
11815211000001100
11799711000001107
11799811000001104
11799911000001109
12014411000001102
11984511000001107
11984611000001106
11984711000001102
12014311000001109
11984811000001105
11984911000001100
11985011000001100
12014811000001100
11986111000001105
11986211000001104
11986311000001107
12014611000001104
11986411000001100
11986511000001101
11986611000001102
12015211000001100
11986711000001106
11986811000001103
11986911000001108
12015011000001105
11987011000001107
11987111000001108
11987211000001102
12078811000001100
12037811000001101
12037911000001106
12038011000001108
12078711000001108
12038111000001109
12038311000001106
12038411000001104
12079111000001100
12038611000001101
12038811000001102
12039011000001103
12079011000001101
12039111000001102
12039311000001100
12039511000001106
12079311000001103
12039711000001101
12039811000001109
12039911000001104
12079211000001106
12040111000001106
12040311000001108
12040411000001101
12287211000001102
12232711000001100
12232811000001108
12232911000001103
12287111000001108
12233011000001106
12233111000001107
12233211000001101
12287411000001103
12233311000001109
12233411000001102
12233511000001103
12287311000001105
12233611000001104
12233711000001108
12233811000001100
12287611000001100
12233911000001105
21309111000001108
12234011000001108
12234111000001109
21309211000001102
12287511000001104
12234211000001103
21308911000001103
12234411000001104
12234511000001100
21309011000001107
12300811000001107
12249911000001109
30853911000001105
12250011000001100
12250111000001104
30854011000001108
12300711000001104
12250911000001101
12251411000001100
12251611000001102
12422611000001106
12370011000001108
12370111000001109
12370611000001101
12643511000001101
12589611000001104
12589711000001108
12589811000001100
12643411000001100
12590011000001102
12590111000001101
12590311000001104
12643711000001106
12590611000001109
12590811000001108
12591011000001106
12643611000001102
12591411000001102
12591511000001103
12591711000001108
12643911000001108
12592011000001103
12592111000001102
12592211000001108
12643811000001103
12592311000001100
12592411000001107
12592511000001106
12644111000001107
12592811000001109
12593011000001107
12593111000001108
12644011000001106
12593411000001103
12593611000001100
12593711000001109
13006511000001103
12953911000001105
12954011000001108
12954111000001109
13006611000001104
12954211000001103
12954311000001106
12954411000001104
13006711000001108
12954511000001100
12954611000001101
12954711000001105
13006811000001100
12954811000001102
12954911000001107
12955011000001107
13006911000001105
12955111000001108
12955211000001102
12955311000001105
13007011000001109
12955411000001103
12955511000001104
12955611000001100
13007111000001105
12955711000001109
12955811000001101
12955911000001106
13007211000001104
12956011000001103
12956111000001102
12956211000001108
13007311000001107
12956311000001100
12956411000001107
12956511000001106
13007411000001100
12956611000001105
12956711000001101
12956811000001109
13007511000001101
12956911000001104
12957011000001100
12957111000001104
13007611000001102
12957411000001109
12957511000001108
12957711000001103
13007711000001106
12957911000001101
12958111000001103
12958311000001101
13003211000001108
12985311000001103
12985411000001105
12985511000001109
13160711000001101
13151811000001109
13151911000001104
13152011000001106
13160611000001105
13152111000001107
13152211000001101
13152311000001109
13160911000001104
13152511000001103
13152711000001108
13152911000001105
13160811000001109
13153311000001104
13153511000001105
13153811000001108
13161111000001108
13154011000001100
13154111000001104
13154211000001105
13161011000001107
13154511000001108
13154711000001103
13154911000001101
13161311000001105
13155111000001100
13155211000001106
13155311000001103
13161211000001102
13155411000001105
13155611000001108
13155811000001107
13161511000001104
13156011000001105
13156111000001106
13156211000001100
13161411000001103
13156411000001101
13156511000001102
13156611000001103
13171411000001109
13164911000001109
13165011000001109
13165111000001105
13171111000001104
13165211000001104
13165311000001107
13165511000001101
13172911000001107
13165711000001106
13165911000001108
13166111000001104
13171511000001108
13166211000001105
13166311000001102
13166411000001109
13173111000001103
13166511000001108
13166611000001107
13166711000001103
13173011000001104
13166811000001106
13166911000001101
13167011000001102
13172411000001104
13167111000001101
13167311000001104
13167411000001106
13173211000001109
13167611000001109
13167811000001108
13167911000001103
13172011000001108
13168011000001101
13168111000001100
13168211000001106
13172111000001109
13168511000001109
13168611000001108
13168711000001104
13171711000001103
13169011000001106
13169111000001107
13169211000001101
13171911000001101
13169311000001109
13169411000001102
13169511000001103
13171311000001102
13169611000001104
13169711000001108
13169811000001100
13171611000001107
13170111000001105
13170211000001104
13170511000001101
13171211000001105
13170611000001102
13170711000001106
13170911000001108
13172311000001106
13171811000001106
13172511000001100
13172711000001105
13173911000001100
13173311000001101
13173411000001108
13173511000001107
13174011000001102
13173611000001106
13173711000001102
13173811000001105
13199611000001101
13190211000001105
13190311000001102
13190411000001109
13199811000001102
13190511000001108
13190611000001107
13190711000001103
13200011000001100
13190811000001106
13190911000001101
13191011000001109
13199511000001100
13191111000001105
13191211000001104
13191311000001107
13199711000001105
13191411000001100
13191511000001101
13191611000001102
13199911000001107
13191711000001106
13191811000001103
13191911000001108
13323711000001105
13314911000001101
13315011000001101
13315111000001100
13323811000001102
13315211000001106
13315311000001103
13315411000001105
13323911000001107
13315511000001109
13315611000001108
13315711000001104
13324011000001105
13315811000001107
13315911000001102
13316011000001105
13324111000001106
13316111000001106
13316211000001100
13316311000001108
13324211000001100
13316411000001101
13316511000001102
13316611000001103
14012311000001106
13974011000001104
13974111000001103
13974311000001101
14159011000001102
14156611000001101
14156711000001105
14156811000001102
14159111000001101
14156911000001107
14157011000001106
14157111000001107
14606411000001107
14600811000001107
14600911000001102
14601011000001105
14606511000001106
14601111000001106
14601211000001100
14601311000001108
15160211000001100
15158911000001100
15159011000001109
15159111000001105
15160311000001108
15159211000001104
15159311000001107
15159411000001100
15227111000001100
15173611000001102
15173711000001106
15173811000001103
15227211000001106
15173911000001108
15174011000001106
15174111000001107
15356211000001102
15307011000001103
15307311000001100
15307611000001105
22353811000001106
22353911000001101
22607211000001102
22607311000001105
30826911000001103
30827611000001106
31995811000001105
31996011000001108
32759711000001103
32759811000001106
33559211000001102
33559311000001105
33568411000001101
33568511000001102
34243711000001102
34243811000001105
39701111000001100
15638411000001108
15638611000001106
15638811000001105
16551311000001103
16551411000001105
17168411000001102
17168511000001103
18141211000001105
18141311000001102
21266011000001105
21266111000001106
21819011000001106
21819111000001107
24573811000001100
24574011000001108
27336211000001104
27336411000001100
30063411000001105
30063511000001109
30850311000001103
30850411000001105
32424911000001107
32425111000001108
36764711000001109
36764811000001101
38003111000001104
38003211000001105
38073411000001104
38073511000001100
39050811000001109
39051011000001107
41168411000001101
41168511000001102
16109911000001102
16103911000001100
16104011000001102
16104111000001101
16110011000001107
16104211000001107
30853511000001103
16104311000001104
16104411000001106
30853611000001104
16130911000001101
16127211000001107
16127311000001104
16127411000001106
16131011000001109
16127511000001105
30622511000001104
30852811000001108
16127611000001109
16127711000001100
30622611000001100
30853011000001106
16460311000001107
16458311000001100
16458411000001107
16458811000001109
16641911000001108
16642011000001101
16734011000001103
16734111000001102
16632411000001109
16632011000001100
16632111000001104
16632211000001105
18518811000001104
18512011000001107
18512111000001108
18512211000001102
39701011000001101
23644211000001108
23644311000001100
23644511000001106
24193811000001101
24194311000001107
24416911000001103
24417011000001104
29929311000001100
29929411000001107
30063811000001107
30063911000001102
36723111000001104
36723211000001105
38003611000001107
38003711000001103
38073811000001102
38074011000001105
39050311000001100
39050411000001107
27890211000001107
27881111000001108
27881211000001102
27881311000001105
27890311000001104
27881411000001103
27881511000001104
27881611000001100
28365711000001103
28357411000001105
28357711000001104
28357811000001107
28365411000001109
28358111000001104
28358311000001102
28358511000001108
28365311000001102
28359011000001105
28359411000001101
28359711000001107
28365611000001107
28360211000001101
28360311000001109
28360411000001102
29826611000001106
29792011000001107
29792111000001108
29792311000001105
32750111000001109
32708411000001105
32708511000001109
32708611000001108
33734011000001106
33710811000001100
33710911000001105
33711011000001102
33711111000001101
33711211000001107
35576011000001105
35571111000001102
35571211000001108
35571311000001100
38659211000001107
38639811000001107
38639911000001102
38640011000001108
38741611000001101
38741711000001105
38852911000001101
38853011000001109
43151911000001101
43152011000001108
39992211000001108
39835811000001103
39836011000001100
39836211000001105
40192211000001109
40192311000001101
40252411000001103
40252511000001104