42371811000001107
948711000001104
39593411000001107
97311000001103
1343911000001100
20493511000001101
20493611000001102
40187111000001102
20508711000001105
20508811000001102
39803111000001101
20595811000001108
20595911000001103
21666411000001103
21666511000001104
21812711000001102
21812811000001105
22626311000001104
22626411000001106
22947511000001109
22947611000001108
23646411000001104
23646511000001100
42569611000001103
24622611000001103
24627811000001101
29777211000001108
29777311000001100
34008111000001107
34008211000001101
40847611000001108
35139211000001103
35139311000001106
36855611000001108
36855711000001104
39593711000001101
38817811000001102
38817911000001107
40323411000001102
39560411000001101
39560511000001102
41509411000001104
41509511000001100
41971211000001104
41971311000001107
42372011000001109
1276011000001100
1021711000001102
5343611000001105
39678511000001104
857411000001100
1351611000001109
1351511000001105
20476011000001106
20476211000001101
20476111000001107
20483511000001102
20483711000001107
20483611000001103
20495511000001102
20495811000001104
20495611000001103
40083211000001107
20508911000001107
20509111000001102
20509011000001103
20530011000001102
20530211000001107
20530111000001101
20568411000001103
20568611000001100
20568511000001104
20912811000001108
20912911000001103
21812911000001100
21813211000001103
21813111000001109
22626711000001100
22627011000001104
22942111000001102
22944311000001107
22942211000001108
23646611000001101
23646811000001102
23646711000001105
42570711000001105
24505711000001100
24505911000001103
24505811000001108
39679311000001104
29777811000001109
29777911000001104
32396911000001100
32397111000001100
32397011000001101
33582711000001106
33582811000001103
34007511000001102
34346211000001109
34007611000001103
34678111000001109
34678311000001106
35139711000001105
35140011000001101
36855811000001107
36855911000001102
37047311000001109
37055211000001106
37055011000001101
38818211000001104
38818311000001107
39560611000001103
39560711000001107
41509611000001101
41509711000001105
42372111000001105
1150111000001102
11145711000001107
36011000001106
1351811000001108
20476311000001109
20476411000001102
20483811000001104
20483911000001109
20495911000001109
20496011000001101
20509211000001108
20509311000001100
20530311000001104
20530411000001106
20568211000001102
20568311000001105
20913011000001106
20913111000001107
21813511000001100
21813611000001101
22627111000001103
22627211000001109
22944511000001101
22944711000001106
23646911000001107
23647011000001106
24506011000001106
24506111000001107
29778011000001102
29778111000001101
32554411000001109
32554511000001108
32746311000001107
32746411000001100
33582911000001108
33583011000001100
34007811000001104
34007911000001109
34678611000001101
34678711000001105
35140111000001100
35140211000001106
36492311000001107
36492411000001100
36856011000001105
36856111000001106
37055311000001103
37055411000001105
37554811000001108
37555311000001100
37845711000001103
37845811000001106
38818411000001100
38818511000001101
38852711000001103
38852811000001106
39559311000001107
39559411000001100
41510211000001107
41510311000001104
42371711000001104
988711000001106
15046811000001100
908511000001100
1351911000001103
20476511000001103
20476611000001104
20484011000001107
20484111000001108
20496211000001106
20496511000001109
20509411000001107
20509611000001105
20530511000001105
20530611000001109
20568711000001109
20568811000001101
20913211000001101
20913311000001109
21813311000001106
21813411000001104
22626011000001102
22626211000001107
22944911000001108
22945111000001109
23647111000001107
23647211000001101
24506211000001101
24506311000001109
29777011000001103
29777111000001102
32554811000001106
32554911000001101
32746511000001101
32746611000001102
33583111000001104
33583211000001105
34006411000001103
34006511000001104
34678811000001102
34678911000001107
35140311000001103
35140411000001105
36492511000001101
36492611000001102
36856211000001100
36856311000001108
37055511000001109
37055611000001108
37555411000001107
37555511000001106
38779711000001105
38779811000001102
38817611000001101
38817711000001105
39559611000001102
39561211000001106
40590011000001106
40590111000001107
41510411000001106
41510511000001105
42375311000001101
1126711000001102
859711000001103
1355511000001108
21015011000001108
21015111000001109
21112911000001107
21113011000001104
21123311000001108
21123511000001102
21219211000001108
21219311000001100
21228511000001108
21228611000001107
21230711000001102
21230811000001105
21285011000001103
21285411000001107
21522411000001103
21522511000001104
21624111000001107
21624211000001101
21993011000001101
21993111000001100
22336911000001106
22337011000001105
22720611000001103
22720711000001107
22945611000001101
22945811000001102
23597411000001104
23597611000001101
23665711000001106
23665811000001103
23957611000001102
23957711000001106
24177311000001105
24177511000001104
27588011000001102
27588311000001104
29672211000001100
29672311000001108
29880111000001105
29880211000001104
33597711000001109
33597811000001101
36599411000001100
36599511000001101
36847811000001100
36848011000001107
37266311000001105
37266411000001103
38623411000001105
38623511000001109
39001711000001102
39001811000001105
41206211000001104
41206311000001107
41492411000001102
41492511000001103
42224811000001102
42225011000001107
42375511000001107
1080311000001103
323211000001107
1355811000001106
21023811000001107
21023911000001102
21100511000001103
21100611000001104
21113111000001103
21113211000001109
21123811000001104
21124111000001108
21219411000001107
21219511000001106
21285511000001106
21285611000001105
21522611000001100
21522711000001109
21624311000001109
21624411000001102
21993211000001106
21993311000001103
22337111000001106
22337211000001100
22720811000001104
22720911000001109
22946711000001102
22946811000001105
23597711000001105
23597811000001102
23666111000001104
23666211000001105
23957811000001103
23957911000001108
24177711000001109
24177811000001101
27611811000001108
27614111000001103
29672411000001101
29672511000001102
29880311000001107
29886711000001109
32409211000001109
32409311000001101
33597911000001106
33598011000001108
36599611000001102
36599711000001106
36848211000001102
36848311000001105
37266511000001104
37266611000001100
38623611000001108
38623711000001104
39001911000001100
39002011000001107
39504611000001106
39504711000001102
41206411000001100
41206511000001101
41492611000001104
41492711000001108
42225411000001103
42225611000001100
42376711000001105
988311000001107
21037711000001107
21037911000001109
40868711000001108
245811000001102
1358311000001106
16732611000001102
16732711000001106
41014611000001100
16749311000001103
16749611000001108
16749411000001105
16749511000001109
16972011000001101
16972111000001100
16999411000001105
16999511000001109
17024511000001106
17024611000001105
17026311000001106
17026411000001104
17661111000001103
17661211000001109
17912411000001101
17912511000001102
18140511000001101
18140611000001102
42581711000001106
18169911000001109
18170011000001108
18463611000001104
18463711000001108
40868811000001100
18477311000001106
18477411000001104
20308611000001104
20308711000001108
20572111000001104
20572311000001102
21037511000001102
21037611000001103
21037811000001104
21038011000001106
21789711000001107
21789811000001104
22338411000001102
22338511000001103
23666711000001103
23666811000001106
24371811000001102
24371911000001107
29898111000001108
29898211000001102
30826511000001105
30826611000001109
32413711000001103
32413811000001106
32417011000001106
32417111000001107
32616911000001105
32617011000001109
35166611000001104
35166811000001100
35657211000001107
35657311000001104
36025911000001102
36026011000001105
36490411000001101
36490711000001107
41730711000001107
38460311000001101
38460711000001102
38786211000001101
38786311000001109
38933311000001102
38933411000001109
39031911000001107
39032011000001100
39558911000001100
39559011000001109
39627911000001109
39628111000001107
40522711000001102
40522811000001105
40749911000001107
40750011000001103
41211811000001106
41211911000001101
42141711000001108
42141811000001100
43053211000001100
43053511000001102
42377011000001106
1234911000001107
5536511000001102
5536811000001104
13109011000001105
21037011000001105
39127711000001106
41730511000001102
53611000001106
1358411000001104
16732411000001100
16732511000001101
39138411000001104
16748911000001105
16749011000001101
16749111000001100
16749211000001106
16971811000001103
16971911000001108
16998911000001105
16999111000001100
17024311000001100
17024411000001107
17026111000001109
17026211000001103
39365611000001109
17660911000001107
17661011000001104
17912211000001100
17912311000001108
18140311000001107
18140411000001100
42581611000001102
18170211000001103
18170311000001106
18464011000001108
18464111000001109
39127811000001103
18477111000001109
18477211000001103
20308411000001102
20308511000001103
20571811000001102
20571911000001107
21036211000001102
21036411000001103
21036711000001109
21037411000001101
21789411000001101
21789611000001103
22338211000001101
22338311000001109
23666511000001108
23666611000001107
24372411000001109
24372511000001108
29904311000001105
29904411000001103
30855311000001105
30855511000001104
32413511000001108
32413611000001107
32416811000001102
32416911000001107
32494411000001106
32494511000001105
32617311000001107
32617411000001100
35166011000001106
35166111000001107
35657011000001102
35657111000001101
36046211000001102
36046311000001105
36490111000001106
36490211000001100
41730611000001103
38498511000001107
38498611000001106
38786611000001104
38786711000001108
38933111000001104
38933211000001105
39032911000001101
39033011000001109
39875811000001100
39558711000001102
39558811000001105
39627711000001107
39627811000001104
40522511000001107
40522611000001106
40749711000001105
40749811000001102
41212211000001103
41212311000001106
42141511000001103
42141611000001104
43051311000001107
43052111000001100
42376811000001102
967611000001104
9415111000001108
21034211000001107
21035211000001108
266511000001104
1358711000001105
9415211000001102
16748511000001103
16748611000001104
16748711000001108
16748811000001100
16971611000001102
16971711000001106
16998411000001102
16998611000001104
17015511000001104
17015611000001100
17024111000001102
17024211000001108
17025911000001100
17026011000001108
17660711000001105
17660811000001102
18140111000001105
18140211000001104
18170411000001104
18170511000001100
18463811000001100
18463911000001105
18476911000001109
18477011000001108
20308011000001106
20308311000001109
20571411000001104
20571511000001100
21033711000001102
21033911000001100
21034811000001108
21035411000001107
21789211000001100
21789311000001108
22338011000001106
22338111000001107
23666311000001102
23666411000001109
24372211000001105
24372311000001102
29899211000001107
29899311000001104
30811511000001108
30811611000001107
32416611000001101
32416711000001105
32494211000001107
32494311000001104
32617111000001105
32617211000001104
32753911000001104
32754011000001101
35165811000001108
35165911000001103
35656711000001103
35656811000001106
36046011000001107
36046111000001108
36489811000001107
36489911000001102
38477511000001103
38478011000001107
38786411000001102
38786511000001103
38932911000001108
38933011000001100
39032111000001104
39032311000001102
39639111000001103
39639811000001105
40522111000001103
40522411000001108
40749511000001100
40749611000001101
41212011000001108
41212111000001109
42141311000001109
42141411000001102
43049911000001109
43050111000001104
42384411000001100
1284211000001109
5461511000001106
777611000001101
1374611000001108
13145111000001103
19631111000001104
19631211000001105
19682511000001108
19682611000001107
19687711000001101
19687811000001109
19795611000001105
19795711000001101
19803111000001103
19803211000001109
19827511000001105
19827611000001109
20021211000001101
20021311000001109
21923411000001104
21923511000001100
30107511000001108
30107711000001103
32449211000001102
32449311000001105
35187911000001105
35188011000001107
36512111000001100
36512211000001106
37271211000001102
37271311000001105
39925911000001100
39926011000001108
42384711000001106
959311000001107
13145611000001106
14319511000001105
554511000001105
1374711000001104
13145811000001105
19631311000001102
19631411000001109
19682811000001106
19682911000001101
19687911000001104
19688011000001102
19795811000001109
19795911000001104
19803311000001101
19803411000001108
19827911000001103
19828011000001101
20021411000001102
20021511000001103
21923611000001101
21923811000001102
30108011000001104
30108111000001103
35188111000001108
35188211000001102
36511911000001108
36512011000001101
37271411000001103
37271511000001104
39925711000001102
39925811000001105
42384111000001105
1272411000001108
13145911000001100
14318911000001106
117011000001107
1378411000001101
13146111000001109
19630911000001108
19631011000001100
19683111000001105
19683311000001107
19688111000001101
19688211000001107
19796611000001100
19796711000001109
19803511000001107
19803611000001106
19827711000001100
19827811000001108
20021711000001108
20021811000001100
21923911000001107
21924011000001105
30108211000001109
30108311000001101
35188311000001105
35188411000001103
36511711000001106
36511811000001103
39926111000001109
39926211000001103
42374611000001105
1303111000001107
872011000001109
1397511000001106
21229711000001107
21229811000001104
21233211000001104
21233311000001107
23593711000001100
23593811000001108
23914411000001103
23914511000001104
23974511000001106
23974611000001105
29850511000001106
29850611000001105
30125411000001105
30125511000001109
30276511000001101
30276611000001102
30767011000001109
30767111000001105
33595711000001103
33596011000001109
34104311000001108
34104411000001101
38884811000001109
38884911000001104
41181711000001104
41181811000001107
41547411000001100
41547611000001102
42376911000001107
1017311000001100
255911000001105
1400411000001100
16749711000001104
16749811000001107
16971411000001100
16971511000001101
17014911000001107
17015011000001107
17024711000001101
17024811000001109
17025311000001101
17025411000001108
17659911000001106
17660011000001108
18139511000001105
18139611000001109
18165111000001109
18165211000001103
18552511000001109
18552611000001108
20308811000001100
20308911000001105
21788511000001108
21788611000001107
24371611000001101
24371711000001105
27475411000001100
27475511000001101
29899511000001105
29899611000001109
30810911000001108
30811011000001100
35167011000001109
35167111000001105
35688211000001101
35688311000001109
35852211000001103
35852311000001106
36081511000001101
36081611000001102
36503811000001102
36503911000001107
36884711000001105
36885211000001102
39031711000001105
39031811000001102
39842511000001108
39842611000001107
42383011000001107
1102911000001106
21504111000001105
924911000001106
1494811000001105
23613511000001101
23613611000001102
23643711000001103
23643811000001106
23669311000001109
23669411000001102
23680811000001107
23680911000001102
24229511000001108
24229611000001107
24555411000001100
24555511000001101
30890511000001100
30890711000001105
33617011000001102
33617111000001101
36502211000001109
36502311000001101
36829311000001102
36831711000001100
37822211000001103
37822311000001106
38783011000001103
38783411000001107
39895711000001101
39895811000001109
41470411000001107
41470511000001106
42252411000001107
42252511000001106
42600211000001104
42600311000001107
42383211000001102
1213111000001102
21504311000001107
527411000001102
1495211000001105
23613711000001106
23613811000001103
23643911000001101
23644011000001103
23669511000001103
23669611000001104
23681011000001105
23681111000001106
24229711000001103
24229911000001101
24555611000001102
24555711000001106
33616811000001106
33616911000001101
36502411000001108
36502511000001107
36829511000001108
36829611000001107
37502111000001104
37502211000001105
37822411000001104
37822511000001100
38783711000001101
38783811000001109
39895911000001104
39896011000001107
41470211000001108
41470311000001100
42252711000001101
42252811000001109
42592111000001104
42592211000001105
42375611000001106
979211000001102
17491611000001106
17605811000001109
434511000001104
1630911000001104
21014811000001103
21014911000001108
21111211000001105
21111311000001102
21122811000001107
21123011000001105
21219011000001103
21219111000001102
21228311000001102
21228411000001109
21230511000001107
21230611000001106
21284211000001107
21284511000001105
21522211000001102
21522311000001105
21623611000001102
21624011000001106
21992811000001104
21992911000001109
22336711000001109
22336811000001101
22720311000001108
22720411000001101
22945311000001106
22945411000001104
23597211000001103
23597311000001106
23665911000001108
23666011000001100
23957411000001100
23957511000001101
27587111000001102
27587311000001100
29672011000001105
29672111000001106
29880511000001101
29880611000001102
30057611000001108
30057711000001104
30254311000001104
30254411000001106
32408911000001108
32409011000001104
33597511000001104
33597611000001100
36599211000001104
36599311000001107
36847611000001104
36847711000001108
37265611000001105
37266011000001107
38923311000001104
38923511000001105
39002111000001108
39002211000001102
41206811000001103
41207111000001108
41492211000001101
41492311000001109
42225711000001109
42225811000001101
42382811000001109
995411000001106
648711000001100
2153611000001102
23613311000001107
23613411000001100
23643511000001108
23643611000001107
23669111000001107
23669211000001101
23680611000001108
23680711000001104
24229311000001102
24229411000001109
24555211000001104
24555311000001107
30890111000001109
30890311000001106
33617211000001107
33617311000001104
36502011000001104
36502111000001103
36829111000001104
36829411000001109
37821911000001101
37822111000001109
38781611000001106
38781911000001100
39895511000001106
39895611000001105
41470611000001105
41470711000001101
42249611000001100
42250511000001105
42374511000001106
949911000001105
151411000001103
2169311000001102
21229511000001102
21229611000001103
21233011000001109
21233111000001105
23593511000001105
23593611000001109
23914111000001108
23914311000001105
29850211000001108
29850311000001100
30053611000001100
30053711000001109
30276311000001107
30276411000001100
30766711000001108
30766811000001100
33596411000001100
33596511000001101
34104111000001106
34104211000001100
38884611000001105
38884711000001101
41181311000001103
41181611000001108
41547211000001104
41547311000001107
42374411000001107
1032711000001107
5622711000001104
401211000001105
2171111000001107
21229311000001108
21229411000001101
21232811000001106
21232911000001101
23593311000001104
23593411000001106
23913811000001104
23914011000001107
29850011000001103
29850111000001102
30053411000001103
30053511000001104
30276111000001105
30276211000001104
30766411000001102
30766511000001103
33596611000001102
33596711000001106
34103911000001107
34104011000001105
38884411000001107
38884511000001106
41180811000001104
41181011000001101
41546711000001108
41546911000001105
42375411000001108
1290411000001103
682711000001109
2222911000001102
23310211000001101
23310311000001109
23472611000001104
23472711000001108
23479111000001103
23479211000001109
23481111000001109
23481211000001103
23954311000001103
23954411000001105
26764611000001101
26764711000001105
29672811000001104
29672911000001109
29880911000001108
29886811000001101
30215611000001100
30215711000001109
33600711000001104
33600811000001107
37422711000001102
37422811000001105
39003511000001106
39003611000001105
40684711000001109
40684811000001101
42225911000001106
42226011000001103
42375211000001109
1321911000001104
792411000001108
2223111000001106
23310011000001106
23310111000001107
23472411000001102
23472511000001103
23478711000001106
23478911000001108
23480911000001100
23481011000001108
23954111000001100
23954211000001106
26763511000001103
26763811000001100
29672611000001103
29672711000001107
29880711000001106
29880811000001103
30215211000001102
30215411000001103
33600511000001109
33600611000001108
37422511000001107
37422611000001106
39002311000001105
39002411000001103
40684511000001104
40684611000001100
42232911000001100
42233011000001108
42382911000001104
3806111000001107
3806311000001109
3806411000001102
24411411000001100
24413311000001108
24425911000001104
24426011000001107
24573211000001101
24573311000001109
33974611000001109
33974811000001108
34941911000001100
34942011000001107
37819711000001105
37819811000001102
39896111000001108
39896211000001102
41470011000001103
41470111000001102
42588811000001109
42588911000001104
42383111000001108
3806611000001104
3806911000001105
3807111000001105
24412511000001109
24412811000001107
24426111000001108
24426211000001102
24508611000001103
24508711000001107
24573411000001102
24573511000001103
33975011000001103
33975411000001107
35751111000001101
35751211000001107
37142711000001104
37142911000001102
37820211000001104
37820611000001102
39896311000001105
39896411000001103
41469811000001107
41469911000001102
42165611000001105
42165711000001101
42600511000001101
42600611000001102
42378111000001108
4623911000001104
17614311000001102
4624011000001101
4624111000001100
34087611000001104
34087711000001108
34176111000001109
34176211000001103
34188411000001109
34188511000001108
34196511000001106
34196611000001105
34586111000001107
34586211000001101
34969911000001108
34970111000001108
36765711000001108
36765811000001100
36869611000001104
36869811000001100
36890911000001101
36891011000001109
37609411000001108
37609511000001107
38012611000001100
38012711000001109
39064511000001108
39064711000001103
41505411000001102
41505511000001103
42887711000001101
42887911000001104
42909111000001104
42909211000001105
42378411000001103
4624211000001106
21204311000001103
4624311000001103
4624411000001105
34087211000001101
34087311000001109
34176311000001106
34176411000001104
34188611000001107
34188811000001106
34196711000001101
34196811000001109
34586311000001109
34586411000001102
34970211000001102
34970311000001105
36765911000001105
36766011000001102
36869911000001105
36870011000001109
36891111000001105
36891211000001104
37609611000001106
37609711000001102
38014211000001106
38014311000001103
39064911000001101
39065011000001101
41505611000001104
41505711000001108
42888111000001101
42888211000001107
42378811000001101
4624511000001109
17614711000001103
4624611000001108
4624711000001104
34087411000001102
34087511000001103
34176511000001100
34176611000001101
34188911000001101
34189111000001106
34196911000001104
34197011000001100
34586511000001103
34586611000001104
35847611000001101
35847711000001105
36766111000001101
36766411000001106
36870211000001104
36870411000001100
36891411000001100
36891711000001106
37610111000001106
37610211000001100
38012811000001101
38012911000001106
39065111000001100
39065211000001106
41505811000001100
41505911000001105
42888311000001104
42888411000001106
42910311000001109
42910911000001105
42383911000001106
7668511000001103
7668611000001104
7668711000001108
19631911000001101
19632011000001108
19688511000001105
19688611000001109
19724211000001103
19724311000001106
19797411000001101
19797511000001102
19804311000001104
19804411000001106
20022511000001106
20022611000001105
21908711000001108
21908811000001100
23957011000001109
23957111000001105
30109211000001104
30109311000001107
30943311000001103
30943411000001105
36805511000001100
36805611000001101
39925511000001107
39925611000001106
42384011000001109
7668811000001100
7668911000001105
7669011000001101
19632111000001109
19632211000001103
19688711000001100
19688811000001108
19724411000001104
19724511000001100
19797611000001103
19797711000001107
19804511000001105
19804611000001109
20022711000001101
20022811000001109
21909011000001101
21909211000001106
23957211000001104
23957311000001107
30109411000001100
30109511000001101
30943511000001109
30943611000001108
36805311000001106
36805411000001104
39925311000001101
39925411000001108
41969811000001109
41970011000001100
42384611000001102
8150011000001107
8150111000001108
8150211000001102
19631711000001103
19631811000001106
19688311000001104
19688411000001106
19723911000001105
19724011000001108
19797211000001100
19797311000001108
19804111000001101
19804211000001107
20022311000001100
20022411000001107
21908511000001103
21908611000001104
23956811000001100
23956911000001105
30108411000001108
30108511000001107
30943111000001100
30943211000001106
36805111000001109
36805211000001103
39925111000001103
39925211000001109
42384511000001101
8262511000001105
11384311000001109
19864411000001105
8263211000001101
8263611000001104
19631511000001108
19631611000001107
19682111000001104
19682211000001105
19687511000001106
19687611000001105
19796811000001101
19796911000001106
41030711000001109
19803711000001102
19803811000001105
19827311000001104
19827411000001106
19864611000001108
19865511000001105
20021911000001105
20022011000001103
20918511000001107
20918611000001106
21909411000001105
21909511000001109
21909611000001108
29675411000001109
29745411000001100
29675511000001108
30109611000001102
30109711000001106
30943711000001104
30943811000001107
35654111000001106
35654211000001100
39800911000001106
39801011000001103
39924411000001107
39924611000001105
41726911000001109
41727011000001108
8580811000001101
8545811000001103
8546311000001102
8546411000001109
42371911000001102
8983811000001102
8983911000001107
8984011000001105
20476711000001108
20476811000001100
20484211000001102
20484311000001105
20497111000001102
20497411000001107
20509711000001101
20509811000001109
20530711000001100
20530811000001108
20568911000001106
20569011000001102
20913411000001102
20913511000001103
21813711000001105
21813811000001102
22626511000001105
22626611000001109
23647311000001109
23647411000001102
24506411000001102
24506511000001103
29777411000001107
29777711000001101
32397211000001106
32397311000001103
32555411000001105
32555611000001108
32746711000001106
32746811000001103
33583411000001109
33583511000001108
34007311000001108
34007411000001101
34679011000001103
34679111000001102
35140511000001109
35140611000001108
36500911000001104
36501011000001107
36856411000001101
36856511000001102
37049711000001100
37049911000001103
37559311000001103
37559711000001104
38780911000001107
38781011000001104
38818011000001109
38818111000001105
39561311000001103
39561411000001105
40590211000001101
40590311000001109
41510611000001109
41510711000001100
42376611000001101
9566711000001108
9566911000001105
9567011000001109
16971211000001104
16971311000001107
17015111000001108
17015211000001102
17024911000001104
17025011000001104
17025511000001107
17025611000001106
17660111000001109
17660211000001103
18139711000001100
18139811000001108
18299211000001100
18299311000001108
20102611000001105
20102811000001109
20309411000001105
20309511000001109
21788711000001103
21788911000001101
24371411000001104
24371511000001100
28070611000001106
28071611000001101
29898611000001100
29898711000001109
30826311000001104
30826411000001106
35167411000001100
35167511000001101
35484011000001104
35484311000001101
35688811000001100
35688911000001105
35856211000001102
35856311000001105
36500711000001101
36500811000001109
36885311000001105
36885511000001104
39031511000001100
39031611000001101
42378311000001105
10261411000001102
10261511000001103
10261611000001104
37905011000001100
37905111000001104
38741911000001107
38742111000001104
10270711000001105
10261711000001108
10261811000001100
10261911000001105
37906011000001109
37906111000001105
38742211000001105
38742311000001102
10970311000001105
10968511000001107
10968611000001106
10968711000001102
23310411000001102
23310511000001103
23472811000001100
23472911000001105
23479511000001107
23479711000001102
23481311000001106
23481411000001104
23954511000001109
23954611000001108
26764811000001102
26764911000001107
29673011000001101
29673111000001100
29881011000001100
29881111000001104
30215811000001101
30215911000001106
33600911000001102
33601011000001105
37422911000001100
37423011000001108
39003311000001100
39003411000001107
40684911000001106
40685011000001106
42226111000001102
42226211000001108
12639511000001103
12609411000001108
12609511000001107
12609611000001106
13112711000001103
13094011000001103
13094111000001102
13094211000001108
18276311000001107
18276411000001100
18277011000001107
18277111000001108
18618811000001108
18618911000001103
19485511000001100
19485611000001101
20947111000001109
20947211000001103
21992611000001103
21992711000001107
24371211000001103
24371311000001106
29898411000001103
29898511000001104
30811111000001104
30811211000001105
33594611000001106
33594811000001105
35167211000001104
35167311000001107
35688611000001104
35688711000001108
39031311000001106
39031411000001104
42384311000001107
13143211000001105
13143611000001107
13143311000001102
13143511000001108
13144011000001103
19632311000001106
19632411000001104
19682311000001102
19682411000001109
19797011000001105
19797111000001106
19803911000001100
19804011000001102
19827111000001101
19827211000001107
20022111000001102
20022211000001108
20919111000001105
20919211000001104
20942611000001104
20942711000001108
21910211000001102
21910311000001105
29676011000001109
29676111000001105
30109811000001103
30109911000001108
30943911000001102
30944011000001104
39736211000001108
39736311000001100
39924911000001104
39925011000001104
41727511000001100
41727611000001101
13731911000001109
13719611000001107
13719711000001103
13725711000001107
24413611000001103
24413711000001107
24426311000001105
24426411000001103
24508811000001104
24508911000001109
24573611000001104
24573711000001108
33975511000001106
33975711000001101
34942211000001102
34942311000001105
36942111000001102
36942211000001108
37820811000001103
37820911000001108
39896511000001104
39896611000001100
41469611000001108
41469711000001104
42589311000001106
42589411000001104
14159411000001106
14084711000001103
42057011000001105
14084811000001106
14084911000001101
42057111000001106
14159511000001105
14085411000001105
24438211000001104
14085511000001109
14085611000001108
24438311000001107
14204111000001106
14191211000001102
14191311000001105
14191411000001103
14204011000001105
14191511000001104
14191611000001100
14191711000001109
14680611000001107
14645811000001109
14645911000001104
14646011000001107
14680711000001103
14646711000001109
14646911000001106
14647011000001105
15148111000001100
15138811000001106
15138911000001101
15139111000001106
16998111000001107
16998311000001109
17015311000001105
17015411000001103
17025711000001102
17025811000001105
18139911000001103
18140011000001109
24372011000001100
24372111000001104
29898911000001106
29899011000001102
30811311000001102
30811411000001109
32661211000001105
32661311000001102
36045611000001105
36045911000001104
39031111000001109
39031211000001103
40521811000001101
40521911000001106
15451111000001107
15443011000001109
15443111000001105
15443211000001104
15451211000001101
15443311000001107
15443411000001100
15443511000001101
15507411000001105
15506711000001102
15506811000001105
15506911000001100
15775511000001107
15652811000001107
15652911000001102
15653011000001105
15775611000001106
15653111000001106
15653211000001100
15653311000001108
15775411000001108
15653411000001101
15653511000001102
15653611000001103
15775311000001101
15653911000001109
15654111000001108
15654211000001102
15774011000001103
15695211000001106
15695511000001109
15695811000001107
15774111000001102
15696311000001108
15696411000001101
15696511000001102
42378511000001104
15772511000001101
15772611000001102
15772711000001106
42378611000001100
15772811000001103
15772911000001108
15773011000001100
42378211000001102
15773111000001104
15773211000001105
15773311000001102
15825311000001103
15816911000001101
15817011000001102
15817111000001101
15853111000001100
15851111000001101
15851511000001105
15851611000001109
15853011000001101
15851711000001100
15851811000001108
15851911000001103
15913211000001107
15882011000001101
15882111000001100
15882211000001106
15914211000001105
15882911000001102
15883011000001105
15883111000001106
42378711000001109
17220811000001107
17220911000001102
17221011000001105
37906511000001101
37906611000001102
38742411000001109
38742511000001108
18852211000001107
18825211000001101
18825311000001109
18825411000001102
18987811000001107
18986311000001101
18986411000001108
18986511000001107
18988111000001104
18986611000001106
18986711000001102
18986811000001105
18987911000001102
18986911000001100
18987011000001101
18987111000001100
18988211000001105
18987211000001106
18987311000001103
18987411000001105
18988011000001100
18987511000001109
18987611000001108
18987711000001104
19281511000001102
19278311000001109
19278411000001102
19278511000001103
19481911000001105
19479911000001103
19480011000001102
19480111000001101
42384211000001104
19861611000001106
19861711000001102
19861811000001105
20918911000001100
20919011000001109
21910011000001107
21910111000001108
29675811000001106
29675911000001101
36002011000001102
36002111000001101
38969511000001102
38969711000001107
38990111000001103
38990211000001109
39736411000001107
39736511000001106
40368711000001105
40368911000001107
41727311000001106
41727411000001104
42384811000001103
19863411000001107
19863511000001106
19863611000001105
20918711000001102
20918811000001105
21909811000001107
21909911000001102
29675611000001107
29675711000001103
35773911000001104
35774211000001106
38744211000001101
38744311000001109
38990311000001101
38990411000001108
39800711000001109
39800811000001101
40368511000001100
40368611000001101
41727111000001109
41727211000001103
20007411000001100
20001611000001106
20001711000001102
20001811000001105
20418711000001104
20350811000001105
20350911000001100
20351011000001108
42370811000001104
20351111000001109
20351211000001103
20351511000001100
42370911000001109
20351711000001105
20351811000001102
20351911000001107
31142111000001102
31136311000001100
31137511000001108
31136411000001107
31136511000001106
31137811000001106
31142011000001103
31136611000001105
31136811000001109
31136911000001104
31142211000001108
31137911000001101
31138011000001104
31138111000001103
32877911000001108
32873511000001106
32873611000001105
32873711000001101
32880311000001102
32874611000001108
32874711000001104
32874811000001107
36774811000001105
36772111000001106
36772211000001100
36772311000001108
36903211000001105
36876011000001107
36876111000001108
36876211000001102
36904211000001108
36892111000001100
36892211000001106
36892311000001103
42656211000001106
42521211000001108
42521311000001100
42521411000001107
42656111000001100
42521511000001106
42521611000001105
42521711000001101