42381911000001105
1190311000001108
5429211000001100
39127911000001108
108111000001106
1328211000001104
4380611000001102
4380811000001103
4436811000001101
4436911000001106
4463811000001100
4463911000001105
4465011000001107
4465111000001108
4466211000001108
4466311000001100
4466911000001104
4467011000001100
4467711000001103
4467811000001106
4480311000001101
4480411000001108
4574411000001101
4574511000001102
39366011000001106
4578011000001101
4578711000001104
39138511000001100
4579911000001105
4580011000001106
4896211000001101
4896311000001109
7630211000001106
7630711000001104
7952311000001102
7953111000001105
9805011000001104
9805211000001109
10295911000001109
10296011000001101
10296911000001102
10297011000001103
10413811000001103
10413911000001108
10618511000001107
10618611000001106
10733011000001107
10733411000001103
11414211000001109
11414311000001101
11551311000001101
11551411000001108
13762911000001107
13763011000001104
13858111000001104
13858211000001105
15188311000001107
15188411000001100
16066711000001104
16066811000001107
17928611000001107
17928711000001103
18467811000001106
18467911000001101
39128011000001105
19197411000001105
19197511000001109
19733211000001103
19733311000001106
21899011000001107
21899211000001102
28918311000001104
28918411000001106
30097311000001108
30097411000001101
32494611000001109
32494711000001100
33654911000001100
33655011000001100
39248311000001108
39248511000001102
39894611000001109
42382111000001102
1258511000001106
39128111000001106
776811000001104
1328311000001107
4380911000001108
4381011000001100
4437011000001105
4437111000001106
4464011000001108
4464111000001109
4465311000001105
4465411000001103
4466511000001106
4466611000001105
4467111000001104
4467211000001105
4467911000001101
4468011000001104
4480511000001107
4480611000001106
4574611000001103
4574711000001107
39366111000001107
4578811000001107
4578911000001102
39138611000001101
4580111000001107
4580211000001101
4896511000001103
4896611000001104
7631911000001109
7632411000001106
9804811000001109
9804911000001104
10295711000001107
10295811000001104
10297311000001100
10303811000001106
10414011000001106
10414111000001107
10618711000001102
10618811000001105
10733511000001104
10733611000001100
11414411000001108
11414511000001107
11551511000001107
11551611000001106
13763111000001103
13763211000001109
15171911000001107
15172111000001104
16066911000001102
16067011000001103
17785511000001104
17785611000001100
42590211000001109
18468011000001104
18468311000001101
39128211000001100
19197611000001108
19197711000001104
19733411000001104
19733511000001100
21899311000001105
21899511000001104
28988511000001107
28988611000001106
30097511000001102
30097611000001103
32494811000001108
32494911000001103
33555611000001103
33555711000001107
37140311000001102
37140411000001109
39251111000001100
39251211000001106
39894711000001100
42382311000001100
1287911000001106
39320111000001102
859611000001107
1328411000001100
4381111000001104
4381211000001105
4437211000001100
4437311000001108
4464211000001103
4464411000001104
4465611000001100
4465711000001109
4466711000001101
4466811000001109
4467311000001102
4467511000001108
4468111000001103
4468211000001109
4480711000001102
4480811000001105
4574811000001104
4574911000001109
40197111000001101
4579011000001106
4579111000001107
39320211000001108
4580311000001109
4580411000001102
4896711000001108
4896811000001100
7632811000001108
7632911000001103
9804311000001100
9804411000001107
10295411000001101
10295611000001103
10297511000001106
10297711000001101
10414211000001101
10414311000001109
10618911000001100
10619011000001109
10733711000001109
10733811000001101
11414611000001106
11414711000001102
11551711000001102
11551811000001105
13763311000001101
13763411000001108
15172411000001109
15172711000001103
16067211000001108
16067411000001107
17793911000001109
17794811000001101
42590311000001101
18468511000001107
18468611000001106
39320811000001109
19197811000001107
19197911000001102
19733611000001101
19733711000001105
21899611000001100
21899711000001109
28918111000001101
28918211000001107
30097711000001107
30097811000001104
32495011000001103
32495111000001102
32809411000001100
32809511000001101
37140511000001108
37140611000001107
39251511000001109
39251611000001108
39894811000001108
39695411000001103
1102611000001100
5336411000001103
5561111000001109
13100211000001107
14311811000001107
20450811000001100
37231911000001109
643911000001108
1337611000001104
20448211000001101
20448311000001109
20482711000001104
20482811000001107
20491711000001105
20491811000001102
20492811000001106
20493711000001106
20496111000001100
20496311000001103
20507911000001106
20508011000001108
20529411000001104
20529511000001100
20569311000001104
20569411000001106
20572511000001108
20572611000001107
20576911000001102
20577111000001102
20977811000001101
20977911000001106
20978011000001108
20982011000001104
20982111000001103
21779211000001107
21779311000001104
22047311000001108
22047411000001101
22201511000001108
22201611000001107
42567611000001108
22612811000001102
22612911000001107
37755811000001105
22940511000001105
22940811000001108
29771911000001107
29772011000001100
32394611000001102
32394711000001106
33556411000001105
33556511000001109
40032511000001106
37232511000001105
34961511000001102
34961711000001107
35136011000001102
35136111000001101
36491211000001106
36491311000001103
36954211000001102
36954311000001105
37037211000001102
37053011000001102
37568611000001105
37568711000001101
38800011000001109
38800111000001105
40678811000001104
40679011000001100
41139011000001108
41139111000001109
41498211000001104
41498311000001107
41546811000001100
41547011000001109
41957911000001102
41958111000001104
42302711000001102
42302811000001105
42619511000001107
42619611000001106
42706211000001109
42706311000001101
42848411000001101
42848711000001107
39733011000001106
1271511000001104
5337311000001108
5562311000001102
5562511000001108
14307711000001105
20132611000001103
37233011000001106
232011000001102
1339011000001102
20448411000001102
20448511000001103
20482911000001102
20483011000001105
20491911000001107
20492011000001100
20494411000001102
20494511000001103
20496611000001108
20496711000001104
20508111000001109
20508211000001103
20529611000001101
20529711000001105
20569511000001105
20569611000001109
20572711000001103
20572811000001106
20577211000001108
20577311000001100
20978111000001109
20978411000001104
20978511000001100
20982411000001108
20982511000001107
21779411000001106
21779511000001105
22047511000001102
22047611000001103
22201711000001103
22201811000001106
42567811000001107
22613011000001104
22613111000001103
37755911000001100
22940911000001103
22941011000001106
29772111000001104
29772211000001105
32394811000001103
32394911000001108
33556611000001108
33556711000001104
39790311000001105
37233211000001101
34961811000001104
34962011000001102
35136211000001107
35136311000001104
36491411000001105
36491511000001109
36954411000001103
36954511000001104
37037611000001100
37038211000001103
37569711000001105
37569811000001102
38800211000001104
38800311000001107
40679211000001105
40679311000001102
41139211000001103
41139311000001106
41498411000001100
41498511000001101
41547511000001101
41547811000001103
41958211000001105
41958311000001102
42302911000001100
42303011000001108
42616311000001108
42616411000001101
42706411000001108
42706611000001106
42849311000001102
42849411000001109
39733111000001107
1214511000001109
14592911000001109
20979211000001108
37233511000001103
484211000001108
1339711000001100
20448611000001104
20448711000001108
20483111000001106
20483211000001100
20492311000001102
20492511000001108
20494711000001108
20495111000001106
20496911000001102
20497311000001100
20508311000001106
20508411000001104
20529811000001102
20529911000001107
20570211000001109
20570411000001108
20573211000001104
20573611000001102
20577411000001107
20577511000001106
20978811000001102
20978911000001107
20979311000001100
20982611000001106
20982711000001102
21779611000001109
21779711000001100
22047711000001107
22047811000001104
22202111000001109
22202211000001103
42568111000001104
22613211000001109
22613411000001108
22941211000001101
22941411000001102
29772511000001108
29772611000001107
32395011000001108
32395111000001109
33556811000001107
33556911000001102
40032611000001105
37233711000001108
35136411000001106
35136511000001105
36491611000001108
36491711000001104
36566711000001104
36566811000001107
36954611000001100
36954711000001109
37038711000001105
37038911000001107
37569111000001109
37569211000001103
38800611000001102
38800711000001106
40679411000001109
40679511000001108
41140011000001101
41140111000001100
41498611000001102
41498811000001103
41548011000001105
41548111000001106
41958411000001109
41958511000001108
42303311000001106
42303411000001104
42620211000001108
42620411000001107
42706911000001100
42707011000001101
42850211000001100
42850311000001108
39693111000001107
1245511000001100
989911000001100
5464911000001101
17512811000001105
409611000001108
1355711000001103
1355611000001107
14036711000001102
14036811000001105
14037311000001103
14037411000001105
14037511000001109
14168911000001100
14169211000001104
14584511000001106
14584611000001105
15088911000001103
15089011000001107
16238111000001104
16238211000001105
16631811000001102
16631911000001107
17911011000001102
17911111000001101
20289511000001104
20289611000001100
22015511000001101
22015611000001102
23980811000001108
23980911000001103
30132711000001106
30132811000001103
36836011000001109
36836211000001104
38922111000001107
38922311000001109
39693011000001106
967511000001103
13170311000001107
84811000001104
1355911000001101
14036511000001107
14036611000001106
14037111000001100
14037211000001106
14168511000001107
14168611000001106
14584311000001100
14584411000001107
16237911000001102
16238011000001100
16631611000001101
16631711000001105
17910811000001100
17910911000001105
20289311000001105
20289411000001103
22015311000001107
22015411000001100
23980611000001109
23980711000001100
29866311000001108
29866411000001101
30132511000001101
30132611000001102
36835711000001103
36835811000001106
38921811000001109
38921911000001104
42379811000001108
1033211000001106
802411000001108
1378511000001102
7943211000001101
7943311000001109
7958411000001106
7958711000001100
7959511000001104
7959611000001100
7976411000001108
7976611000001106
7997711000001109
7997911000001106
8027011000001101
8027111000001100
8098211000001102
8098311000001105
8101611000001104
8101711000001108
8103411000001103
8103511000001104
8112911000001101
8113011000001109
9806311000001106
9806611000001101
10298911000001103
10299111000001108
10403811000001101
10403911000001106
11410411000001102
11410511000001103
13761111000001104
13761211000001105
13768211000001101
13768311000001109
15174911000001105
15175011000001105
17915411000001109
17915511000001108
18465211000001102
18465311000001105
19731611000001100
19731711000001109
21850611000001104
21850711000001108
30113411000001104
30113511000001100
35175811000001102
35175911000001107
37129211000001100
37129311000001108
39171111000001104
39171411000001109
42379911000001103
1023111000001102
454111000001107
1378611000001103
7943411000001102
7943511000001103
7958811000001108
7958911000001103
7959711000001109
7959811000001101
7976911000001100
7977011000001101
7998011000001108
7998211000001103
8027311000001103
8027511000001109
8099311000001104
8099511000001105
8101811000001100
8101911000001105
8103611000001100
8103711000001109
8113111000001105
8113211000001104
9806911000001107
9807311000001109
10298411000001106
10298711000001100
10404011000001109
10404111000001105
11410611000001104
11410711000001108
13761311000001102
13761411000001109
13768411000001102
13768511000001103
15175111000001106
15175211000001100
17915711000001103
17915911000001101
18465411000001103
18465511000001104
19731911000001106
19732011000001104
21850811000001100
21850911000001105
30113611000001101
30113711000001105
35176011000001104
35176111000001103
37129411000001101
37129611000001103
39173111000001103
39173411000001108
42380011000001102
1241611000001104
535011000001102
1378911000001109
7943611000001104
7943711000001108
7959111000001108
7959211000001102
7959911000001106
7960011000001108
7977111000001100
7977311000001103
7999211000001108
7999411000001107
8027611000001108
8027711000001104
8099711000001100
8099811000001108
8102011000001103
8102111000001102
8103911000001106
8104111000001105
8113311000001107
8113411000001100
9807511000001103
9807611000001104
10298011000001102
10298211000001107
10404211000001104
10404311000001107
11410811000001100
11410911000001105
13761511000001108
13761611000001107
13768611000001104
13768711000001108
15175311000001108
15175411000001101
17916111000001105
17916211000001104
18465611000001100
18465711000001109
19732111000001103
19732211000001109
21851011000001102
21851111000001101
30113811000001102
30113911000001107
35176211000001109
35176311000001101
37129811000001104
37129911000001109
39169411000001102
39169511000001103
36566411000001105
1122111000001102
16432011000001102
378111000001106
1388111000001102
15364211000001102
15364311000001105
16735311000001101
16735411000001108
17282011000001107
17282111000001108
17332011000001106
17332111000001107
23484111000001107
23484211000001101
23864311000001100
23864711000001101
36836411000001100
36836511000001101
40902011000001103
40902111000001102
42297711000001107
1117511000001104
113211000001106
1393911000001108
4464511000001100
4464811000001102
4575011000001109
4575111000001105
4579211000001101
4579411000001102
5476111000001102
5476511000001106
6326511000001104
6327911000001109
7402811000001100
7402911000001105
9804011000001103
9804211000001108
10294811000001100
10295111000001106
10414411000001102
10414711000001108
10892211000001104
10892311000001107
13763511000001107
13763611000001106
14163111000001107
14163211000001101
15158611000001106
15158711000001102
15172911000001101
15173011000001109
17795611000001104
17795811000001100
18468711000001102
18468811000001105
19198011000001100
19198111000001104
19733811000001102
19733911000001107
21899811000001101
21899911000001106
30097911000001109
30098011000001106
32495311000001100
32495711000001101
36114011000001103
36114111000001102
37140711000001103
37140811000001106
39252311000001107
39252511000001101
39733211000001101
1161411000001107
16201511000001105
20979411000001107
756111000001109
1879911000001103
20483311000001108
20483411000001101
20492611000001107
20492711000001103
20495411000001101
20495711000001107
20497611000001105
20497711000001101
20508511000001100
20508611000001101
20513411000001108
20513511000001107
20570911000001100
20571211000001103
20573911000001108
20574111000001107
20577611000001105
20577711000001101
20979511000001106
20979611000001105
20979711000001101
20982911000001100
20983011000001108
21779811000001108
21779911000001103
22047911000001109
22048011000001106
22202511000001100
22202611000001101
22613511000001107
22613611000001106
22941511000001103
22941711000001108
29772911000001101
29773011000001109
32395211000001103
32395311000001106
33557011000001103
33557111000001102
35136611000001109
35136711000001100
35364311000001108
35364411000001101
36491811000001107
36492011000001109
36566911000001102
36567011000001103
36954811000001101
36954911000001106
37039111000001102
37039511000001106
37568411000001107
37568511000001106
38801211000001105
38801311000001102
40679611000001107
40679711000001103
41140311000001103
41140411000001105
41499211000001109
41499511000001107
41620211000001107
41620311000001104
41958611000001107
41958711000001103
42308911000001102
42309011000001106
42620511000001106
42620611000001105
42707211000001106
42707411000001105
42850411000001101
42850511000001102
42297211000001100
4170911000001107
14211911000001108
14212111000001100
4171011000001104
4171111000001103
34953211000001105
34953311000001102
35019311000001106
35019411000001104
35027411000001101
35027511000001102
35028611000001104
35028711000001108
35031911000001104
35032011000001106
35034411000001109
35034511000001108
35035911000001102
35036011000001105
35039511000001107
35039611000001106
35042011000001105
35042211000001100
35183311000001102
35183411000001109
35651811000001101
35651911000001106
36237811000001105
36237911000001100
36499911000001103
36500011000001103
36730611000001101
36730811000001102
37611411000001105
37611511000001109
37798011000001101
37798111000001100
39240911000001107
39241011000001104
39480211000001105
39480311000001102
40849411000001101
40849711000001107
41163611000001105
41163711000001101
41218111000001107
41218211000001101
41476011000001100
41476111000001104
41964211000001109
41964311000001101
42518911000001102
42519011000001106
42297311000001108
4171211000001109
14212511000001109
21694111000001104
4171311000001101
4171511000001107
34954211000001108
34954311000001100
35019611000001101
35019711000001105
35027811000001104
35027911000001109
35028211000001101
35028311000001109
35032111000001107
35032211000001101
35034611000001107
35034911000001101
35036111000001106
35036211000001100
35039711000001102
35039811000001105
35042411000001101
35042511000001102
35184211000001108
35184311000001100
35652011000001104
35652111000001103
36238011000001103
36238111000001102
36500111000001102
36500211000001108
36732311000001105
36732711000001109
37611611000001108
37611711000001104
37798511000001109
37798611000001108
39241111000001103
39241211000001109
39480411000001109
39480511000001108
40849211000001100
40849311000001108
41165211000001107
41165311000001104
41222911000001102
41223011000001105
41475811000001103
41475911000001108
41964411000001108
41964511000001107
42519911000001105
42520011000001107
42297411000001101
4171911000001100
4172111000001108
4172211000001102
34954611000001105
34954711000001101
35018711000001101
35018811000001109
35028011000001106
35028111000001107
35028411000001102
35028511000001103
35032311000001109
35032411000001102
35035011000001101
35035111000001100
35036311000001108
35036411000001101
35039911000001100
35040111000001107
35041611000001109
35041811000001108
35184411000001107
35184511000001106
35652211000001109
35652311000001101
36238211000001108
36238311000001100
36500311000001100
36500411000001107
36734011000001101
36734311000001103
37611811000001107
37611911000001102
37798711000001104
37798811000001107
39241311000001101
39241411000001108
39480611000001107
39480711000001103
40848711000001103
40848811000001106
41165411000001106
41165511000001105
41223611000001103
41224011000001107
41475511000001101
41475611000001102
41964611000001106
41964711000001102
42520611000001100
42520711000001109
42373111000001104
4535611000001100
4535911000001106
4536111000001102
42373211000001105
4537111000001104
4537511000001108
4537811000001106
42373411000001109
4538011000001104
4538111000001103
4538211000001109
42373311000001102
4566211000001102
4566311000001105
4566411000001103
42373511000001108
4568111000001107
4568511000001103
4568611000001104
8722011000001100
8697211000001105
8697411000001109
8697511000001108
8722111000001104
8697711000001103
8697911000001101
8698011000001104
42382011000001103
9309811000001105
16512411000001107
9309911000001100
9310011000001105
41368011000001101
41368511000001109
41753611000001108
41753711000001104
42050211000001104
42050311000001107
42617411000001104
42617511000001100
42382211000001108
9310211000001100
16513111000001108
9310311000001108
9310411000001101
41368611000001108
41368711000001104
41753811000001107
41753911000001102
42050411000001100
42050511000001101
42617611000001101
42618011000001109
42297611000001103
9310511000001102
16513611000001100
9310611000001103
9310811000001104
41368811000001107
41368911000001102
41754011000001104
41754111000001103
42050911000001108
42051111000001104
42618311000001107
42618411000001100
42381811000001100
9747311000001101
13857711000001104
18745711000001109
9747511000001107
9747611000001106
34952711000001106
34952811000001103
35018911000001104
35019011000001108
35027211000001100
35027311000001108
35027611000001103
35027711000001107
35031711000001101
35031811000001109
35034211000001105
35034311000001102
35035711000001104
35035811000001107
35039311000001101
35039411000001108
35041411000001106
35041511000001105
35182911000001108
35183111000001104
35651611000001100
35651711000001109
36237611000001106
36237711000001102
36499711000001100
36499811000001108
36725911000001100
36726011000001108
37611211000001106
37611311000001103
37797511000001105
37797911000001103
39241511000001107
39241611000001106
39480011000001100
39480111000001104
40848311000001102
40848411000001109
41163411000001107
41163511000001106
41222711000001104
41222811000001107
41476311000001102
41476511000001108
41964811000001105
41964911000001100
42248411000001106
42248611000001109
42518411000001105
42518611000001108
13894011000001102
13882711000001109
13882811000001101
13882911000001106
13894111000001101
13885111000001101
13885211000001107
13885311000001104
13894211000001107
13885411000001106
13885511000001105
13885611000001109
13894311000001104
13885711000001100
13885811000001108
13885911000001103
13894411000001106
13886011000001106
13886111000001107
13886211000001101
14018211000001101
14011311000001102
14011411000001109
14011511000001108
14018311000001109
14011911000001101
22243911000001105
14012011000001108
14012111000001109
22244011000001108
14158811000001101
14078411000001106
14078611000001109
14078811000001108
14158911000001106
14078911000001103
14079011000001107
14079311000001105
14158611000001100
14157211000001101
40456211000001102
14157311000001109
14157411000001102
40456311000001105
14158711000001109
14157511000001103
40201911000001106
14157611000001104
14157711000001108
40202311000001101
14957711000001105
14951311000001100
14951411000001107
14951511000001106
14957811000001102
14951611000001105
14951711000001101
14951811000001109
15534411000001108
15523411000001107
15523511000001106
15523611000001105
15534511000001107
15523711000001101
15523811000001109
15523911000001104
16075311000001101
16042911000001109
16043011000001101
16043111000001100
16090911000001102
16083711000001109
16083811000001101
16083911000001106
16091011000001105
16084011000001109
16084111000001105
16084211000001104
17369311000001105
17305211000001104
17305411000001100
17305511000001101
17841911000001100
17842011000001107
18718611000001102
18718911000001108
18757511000001106
18757811000001109
21898011000001102
21898111000001101
37804611000001103
37804811000001104
39251311000001103
39251411000001105
17429811000001102
17305611000001102
17305711000001106
17305811000001103
17842111000001108
17842211000001102
18758211000001107
18758311000001104
21898211000001107
21898311000001104
37805111000001105
37805211000001104
39251711000001104
39251811000001107
19722411000001106
19719211000001107
19719311000001104
19719411000001106
19722511000001105
19719511000001105
19719611000001109
19719711000001100
20528511000001106
20512811000001102
20512911000001107
20513011000001104
20970011000001106
20970111000001107
21099211000001101
21099311000001109
23645611000001106
23645711000001102
29772311000001102
29772411000001109
37106911000001105
37107011000001109
38748111000001101
38748311000001104
38800411000001100
38800511000001101
41136911000001103
41137011000001104
42303111000001109
42303211000001103
42439511000001102
42439611000001103
20528611000001105
20513111000001103
39099811000001108
20513211000001109
20513311000001101
20970211000001101
20970311000001109
21099411000001102
21099511000001103
23645811000001105
23645911000001100
29772711000001103
29772811000001106
37107111000001105
37107211000001104
38748511000001105
38748611000001109
38800811000001103
38800911000001108
41139411000001104
41139511000001100
42303511000001100
42303611000001101
42439911000001109
42440111000001102
28773011000001106
28771911000001109
28772011000001102
28772111000001101
34682311000001101
34676111000001105
34676211000001104
34676311000001107
39832611000001106
39824111000001109
39824211000001103
39824311000001106
40510411000001103
40510611000001100
40575311000001106
40575411000001104
39832311000001101
39824611000001101
39824711000001105
39824811000001102
40510111000001108
40510311000001105
40576011000001104
40576111000001103
39832411000001108
39824911000001107
39825011000001107
39825111000001108
40509811000001107
40510011000001107
40575811000001102
40575911000001107
39832511000001107
39825511000001104
39825611000001100
39825711000001109
40509311000001103
40509711000001104
40575611000001101
40575711000001105
40573211000001102
40514611000001107
40514711000001103
40514911000001101
40670611000001101
40671211000001109
40917211000001108
40846411000001108
40846611000001106
40846711000001102
41513911000001106
41514011000001109
41575811000001107
41575911000001102
40917311000001100
40846911000001100
40847111000001100
40847211000001106
41514111000001105
41514211000001104
41576011000001105
41576111000001106
