39020711000001100
1144411000001103
456611000001108
1357211000001102
13824811000001102
13825011000001107
14170611000001100
14170811000001101
14242211000001100
14242311000001108
14598711000001105
14598811000001102
14693611000001102
14693711000001106
15436111000001104
15548711000001109
15600711000001107
15601011000001101
16569411000001100
16569511000001101
16737911000001105
16738011000001107
24331611000001104
24331811000001100
34494911000001106
34495011000001106
36594211000001103
36594311000001106
36812711000001103
36812811000001106
41618711000001105
41618811000001102
39696211000001108
1171411000001101
1170911000001102
1305511000001104
1320111000001108
56211000001102
1358511000001100
1358811000001102
1358611000001101
1358911000001107
397311000001100
1359011000001103
7288211000001101
711711000001108
1359111000001102
424311000001108
1359211000001108
450511000001107
1359311000001100
1359411000001107
10270011000001108
146711000001100
1359511000001106
1359611000001105
8097011000001106
692411000001104
1359711000001101
1359811000001109
9102711000001104
321811000001109
1360311000001104
1360411000001106
214811000001107
9558411000001106
9558511000001105
1360711000001100
598411000001109
1360811000001108
1360911000001103
9299811000001103
55911000001104
1371711000001102
8139411000001107
8139511000001106
10380011000001106
10380411000001102
10380611000001104
10437611000001100
10437811000001101
10438511000001100
13579511000001104
23948211000001103
37422411000001108
13579611000001100
14784911000001103
14785011000001103
17932311000001102
17932411000001109
17932511000001108
18283111000001109
18283211000001103
21924511000001102
21924611000001103
21924811000001104
21924711000001107
29877611000001107
29877711000001103
29877811000001106
30213711000001108
30213811000001100
35593111000001109
35593211000001103
40702711000001109
38997911000001104
38998011000001102
39949711000001102
39949811000001105
41972311000001103
41972411000001105
42206611000001103
1119411000001107
1180311000001107
772511000001103
1362111000001102
7885411000001102
516711000001101
1362411000001107
454811000001100
1362511000001106
914811000001108
1362811000001109
464311000001103
1363011000001107
750511000001102
1363211000001102
1363411000001103
672111000001100
1364511000001101
288611000001101
1364811000001103
1364711000001106
485311000001101
1612711000001106
1711000001109
1619511000001105
779811000001105
1619611000001109
7487011000001109
7487111000001105
9792811000001103
9796211000001103
10383911000001102
10384011000001104
11009711000001106
11009911000001108
15986611000001101
15986711000001105
17195711000001104
17195811000001107
17195911000001102
17796011000001102
17796211000001107
17796611000001109
18149011000001101
18149111000001100
20323211000001103
32646311000001101
20323311000001106
21782411000001107
23590711000001109
21782511000001106
22616411000001103
22616611000001100
22616811000001101
28947811000001100
28947911000001105
34015711000001104
29774011000001106
29774111000001107
29998911000001102
29999011000001106
35194911000001100
35195011000001100
38805011000001103
38805111000001102
40673611000001105
40673711000001101
42391911000001109
42392011000001102
42206711000001107
1226811000001107
1039611000001105
1295211000001106
1007111000001100
501911000001107
1629211000001104
1370911000001107
720911000001105
1371211000001109
436711000001100
1371411000001108
159711000001108
1371911000001100
169811000001105
1372111000001108
817911000001100
1372611000001100
320511000001104
1372911000001106
532811000001101
1373511000001106
1373211000001108
120911000001103
1373811000001109
143511000001102
1374411000001105
1374511000001109
1374211000001106
898211000001109
1612511000001101
9793111000001104
9793411000001109
10384111000001103
10384211000001109
11010111000001102
11010311000001100
15986811000001102
15986911000001107
17196011000001105
17196211000001100
17196111000001106
17796911000001103
17797211000001109
21782811000001109
21782911000001104
23590811000001101
22617011000001105
22617311000001108
29774211000001101
29774311000001109
29999111000001107
29999211000001101
32661411000001109
32661511000001108
34015811000001107
34015911000001102
38805211000001108
38805311000001100
40673811000001109
40673911000001104
42213711000001103
1245311000001106
21574511000001105
24502211000001102
40531711000001106
40559211000001102
375611000001109
1388511000001106
21574611000001109
21574711000001100
24502311000001105
40531911000001108
24502411000001103
40531811000001103
40559411000001103
40559611000001100
42208211000001104
969911000001103
487811000001100
1395211000001100
42207311000001106
1079211000001106
23667511000001105
285911000001101
1395311000001108
23667611000001109
23667711000001100
23983011000001107
23983111000001108
23996811000001109
23996911000001104
31989011000001101
31989211000001106
38831911000001108
38832011000001101
39534311000001107
39534411000001100
42218011000001107
1207611000001104
348911000001105
1616211000001103
42211611000001108
4543711000001109
20528811000001109
40536411000001106
40536611000001109
4544011000001109
4544111000001105
20528911000001104
20529011000001108
40536511000001105
40536711000001100
42211711000001104
4546111000001103
20529111000001109
4546211000001109
4546311000001101
20529211000001103
20529311000001106
42215611000001106
4549111000001106
4549211000001100
4549311000001108
42207011000001108
7652411000001105
15865111000001109
21309311000001105
7652811000001107
7653011000001105
15865211000001103
15865311000001106
21309411000001103
42206911000001109
7655211000001101
15864811000001103
7655311000001109
7655411000001102
15864911000001108
15865011000001108
8307011000001105
8284611000001104
8284811000001100
8285011000001105
8306911000001106
8285911000001109
8286211000001106
8286411000001105
8306811000001101
8286911000001102
19594911000001104
8287011000001103
8287111000001102
19595011000001104
8306711000001109
8287211000001108
8287311000001100
8287411000001107
8358511000001105
8338311000001100
30835811000001102
8338411000001107
8338511000001106
30835911000001107
8358611000001109
8338611000001105
8338711000001101
8338811000001109
8358311000001104
8338911000001104
8339011000001108
8339311000001106
8358811000001108
8339111000001109
8339411000001104
8339711000001105
8359011000001107
8339211000001103
8339511000001100
8339611000001101
8359111000001108
8339911000001107
8340011000001101
8340211000001106
8358411000001106
8340111000001100
8340411000001105
8340911000001102
8358711000001100
8340311000001103
34861711000001101
8340611000001108
8340811000001107
34861811000001109
8358911000001103
8340711000001104
8341111000001106
8341211000001100
8359211000001102
8341311000001108
8341411000001101
8341511000001102
8359311000001105
8341611000001103
8341711000001107
8341811000001104
8359911000001106
8341911000001109
8342111000001101
8342211000001107
8529011000001108
8515211000001108
8516711000001109
8516911000001106
8529411000001104
8517211000001100
8517311000001108
8517711000001107
8529211000001103
8517411000001101
8518311000001109
8518511000001103
8529111000001109
8518811000001100
8519211000001106
8519711000001104
8529511000001100
8518911000001105
8519611000001108
8519811000001107
8529311000001106
8518711000001108
8519311000001103
8519511000001109
8529611000001101
8520611000001107
8520711000001103
8520811000001106
8529711000001105
8520911000001101
8521011000001109
8521211000001104
12015511000001102
11988511000001100
11988611000001101
11988711000001105
12015311000001108
11989411000001107
11989511000001106
11989611000001105
12015711000001107
11989711000001101
11989911000001104
11990011000001107
12015611000001103
11990411000001103
11990711000001109
11990811000001101
12016111000001100
11990911000001106
11991011000001103
11991111000001102
12016011000001101
11991311000001100
11991511000001106
11991711000001101
12016411000001105
11991911000001104
11992111000001107
11992311000001109
12016311000001103
11992411000001102
11992511000001103
11992611000001104
12016711000001104
11992811000001100
11992911000001105
11993011000001102
12016611000001108
11993111000001101
11993211000001107
11993311000001104
12016911000001102
11993611000001109
11993711000001100
11993911000001103
12016811000001107
11994211000001105
11994311000001102
11994411000001109
12017211000001108
11994511000001108
11994611000001107
11994711000001103
12017111000001102
11994811000001106
11994911000001101
11995011000001101
12017411000001107
11995511000001109
11995811000001107
11995911000001102
12017311000001100
11996011000001105
11996111000001106
11996211000001100
12017711000001101
11996511000001102
11996711000001107
11996811000001104
12017611000001105
11997111000001109
11997311000001106
11997411000001104
12226411000001105
12225411000001101
12225511000001102
12225611000001103
12226311000001103
12226011000001101
12226111000001100
12226211000001106
12285311000001102
12227911000001104
12228011000001102
12228111000001101
12285211000001105
12228211000001107
12228311000001104
12228411000001106
12425911000001108
12425611000001102
12425711000001106
12426011000001100
12431011000001109
12426211000001105
12426311000001102
12426411000001109
12431211000001104
12426511000001108
12426611000001107
12426711000001103
12431111000001105
12426811000001106
12426911000001101
12427011000001102
12431411000001100
12427111000001101
12427211000001107
12427311000001104
12431311000001107
12427411000001106
12427511000001105
12427611000001109
12431611000001102
12427711000001100
12427811000001108
12427911000001103
12431511000001101
12428011000001101
12428111000001100
12428211000001106
12431811000001103
12428311000001103
12428411000001105
12428511000001109
12431711000001106
12428611000001108
12428711000001104
12428811000001107
12432011000001101
12428911000001102
12429011000001106
12429111000001107
12431911000001108
12429211000001101
12429311000001109
12429411000001102
12432211000001106
12429511000001103
12429611000001104
12429711000001108
12432111000001100
12429811000001100
12429911000001105
12430111000001104
12432311000001103
12430311000001102
12430411000001109
12430511000001108
12501911000001107
12444611000001101
12444711000001105
12444811000001102
12502111000001104
12444911000001107
12445011000001107
12445111000001108
12502011000001100
12445211000001102
12445311000001105
12445411000001103
12502311000001102
12445511000001104
37801411000001103
12445611000001100
12445711000001109
37801511000001104
12502211000001105
12445811000001101
12446111000001102
12446211000001108
12502511000001108
12449111000001105
12449211000001104
12449311000001107
12502411000001109
12449911000001108
12450411000001108
12450611000001106
12502711000001103
12451511000001100
12451711000001105
12452111000001104
12502911000001101
12456211000001106
12456311000001103
12456411000001105
12503211000001104
12457111000001102
12457211000001108
12457311000001100
12503411000001100
12457411000001107
12457511000001106
12457611000001105
12503611000001102
12457911000001104
12458011000001102
12458111000001101
12503811000001103
12458411000001106
12458511000001105
12458711000001100
12504011000001106
12458911000001103
12459211000001102
12459311000001105
12504211000001101
12460011000001108
12460111000001109
12460211000001103
12504411000001102
12460311000001106
12460411000001104
12460511000001100
12504611000001104
12460611000001101
12460711000001105
12460811000001102
12502811000001106
12460911000001107
12461011000001104
12461111000001103
12502611000001107
12461211000001109
12461311000001101
12461511000001107
12503011000001109
12461911000001100
12462011000001107
12462311000001105
12503111000001105
12462611000001100
12462711000001109
12462911000001106
12503311000001107
12465311000001104
12465411000001106
12465511000001105
12503511000001101
12465611000001109
12465711000001100
12465811000001108
12503711000001106
12467211000001104
12467411000001100
12467611000001102
12503911000001108
12468011000001105
12468111000001106
12468311000001108
12504111000001107
12468911000001109
12468811000001104
12469211000001105
12504311000001109
12470111000001101
12470211000001107
12470311000001104
12504511000001103
12486611000001101
12486711000001105
12486811000001102
12506411000001105
12500711000001102
12500811000001105
12500911000001100
12506311000001103
12501011000001108
12501111000001109
12501211000001103
12506611000001108
12501311000001106
12501411000001104
12501511000001100
12506511000001109
12501611000001101
12501711000001105
12501811000001102
12538611000001103
12507711000001101
12507811000001109
12507911000001104
12538511000001102
12508011000001102
12508111000001101
12508211000001107
12538811000001104
12508311000001104
12508411000001106
12508511000001105
12538711000001107
12508611000001109
12508711000001100
12508811000001108
12539011000001100
12508911000001103
12509011000001107
12509111000001108
12538911000001109
12509211000001102
12509311000001105
12509411000001103
12539211000001105
12509511000001104
12509611000001100
12509711000001109
12539111000001104
12509811000001101
12509911000001106
12510011000001101
12539411000001109
12510111000001100
12510211000001106
12510311000001103
12539311000001102
12510711000001104
12510911000001102
12511011000001105
12539611000001107
12511311000001108
12511611000001103
12511711000001107
12539511000001108
12512511000001105
12512611000001109
12512711000001100
13005611000001109
12950311000001103
12950411000001105
12950511000001109
13005511000001105
12950611000001108
12950711000001104
12950811000001107
13005811000001108
12950911000001102
12951011000001105
12951111000001106
13005711000001100
12951211000001100
12951311000001108
12951411000001101
13006011000001106
12951511000001102
12951611000001103
12951711000001107
13005911000001103
12951911000001109
12952111000001101
12952211000001107
13006211000001101
12952311000001104
12952411000001106
12952511000001105
13006111000001107
12952611000001109
12952711000001100
12952811000001108
13006411000001102
12953111000001107
20528011000001103
12953211000001101
12953311000001109
20528111000001102
13006311000001109
12953411000001102
12953511000001103
12953611000001104
42213611000001107
21574811000001108
24501911000001100
40531211000001104
21574911000001103
21575011000001103
24502011000001107
40531411000001100
24502111000001108
40531311000001107
21578911000001105
21575111000001102
38348411000001105
21575211000001108
21575311000001100
38348811000001107
24594211000001108
24583411000001108
24583511000001107
24583611000001106
42207111000001109
28377611000001106
28377711000001102
28377811000001105
35148011000001104
35132611000001108
35132711000001104
35132811000001107
39565011000001104
39534011000001109
39533411000001103
39533611000001100