42205911000001102
3698211000001105
14667711000001104
3698311000001102
3698411000001109
15914911000001101
15871111000001103
15871211000001109
15871411000001108
15871611000001106
15871811000001105
41987111000001105
4257311000001108
13646111000001105
4257411000001101
4257511000001102
13646011000001109
13646211000001104
36031511000001109
4993111000001107
4994711000001105
28361311000001104
4993311000001109
4993511000001103
4997211000001105
28361411000001106
28361511000001105
36031611000001108
4993811000001100
4994811000001102
4993911000001105
4994011000001108
4997311000001102
36031411000001105
4994111000001109
4994211000001103
4994311000001106
5001511000001102
4994911000001107
4995011000001107
4995311000001105
16036711000001107
16017311000001101
16017411000001108
16017611000001106
16074911000001104
16067911000001104
16068311000001104
16069611000001100
