42383811000001101
1162111000001107
9178911000001108
253511000001102
1337911000001105
227511000001106
9179011000001104
13432211000001104
13432311000001107
13433411000001109
13433511000001108
13469911000001109
13470011000001108
13693711000001108
13693911000001105
14406911000001102
14407211000001108
15197111000001105
15197211000001104
17862011000001102
17862211000001107
21892311000001102
21892411000001109
30834411000001100
30834611000001102
39915411000001103
39915511000001104
42383511000001104
1154211000001100
432911000001102
1341411000001109
346811000001101
1341611000001107
13432411000001100
13432511000001101
13433611000001107
13433711000001103
13470111000001109
13470211000001103
13694311000001106
13694411000001104
14407611000001105
14407911000001104
15163811000001106
15163911000001101
15197511000001101
15197711000001106
17862311000001104
17862411000001106
21892511000001108
21892611000001107
27984311000001103
27984511000001109
30104511000001100
30104611000001101
30940611000001104
30940711000001108
39915611000001100
39915711000001109
42383611000001100
950011000001101
140511000001108
1342011000001108
273111000001109
1342511000001100
13432611000001102
13432711000001106
13433811000001106
13433911000001101
13470311000001106
13470411000001104
13694511000001100
13694611000001101
13707311000001109
13707411000001102
14408411000001106
14408611000001109
15197811000001103
15197911000001108
17662011000001107
17662111000001108
17862611000001109
17862711000001100
21892711000001103
21892811000001106
27984611000001108
27984711000001104
30104711000001105
30104811000001102
30940811000001100
30940911000001105
39915811000001101
39915911000001106
42372211000001104
1246911000001100
1187511000001102
5528611000001104
226411000001105
1345011000001103
605411000001105
1345211000001108
19311000001107
1345311000001100
777711000001105
1345511000001106
660111000001107
1345911000001104
1346011000001107
134511000001103
1346111000001108
372511000001104
1346211000001102
332211000001104
1346311000001105
221411000001104
1346411000001103
673711000001107
1346511000001104
665411000001109
1346611000001100
1346711000001109
654711000001106
1346811000001101
762711000001100
1347011000001105
653311000001105
1347511000001102
1347811000001104
13741311000001109
13741411000001102
13741511000001103
15987811000001100
15987911000001105
17819311000001108
17819411000001101
21814111000001106
21814211000001100
22627311000001101
22627411000001108
23478811000001103
23479011000001104
29778211000001107
29778311000001104
38818611000001102
38818711000001106
40699911000001106
40700011000001108
42210511000001102
1210211000001103
5366811000001109
462511000001104
1354311000001101
9445411000001105
9445511000001109
9448711000001106
9448811000001103
9450311000001107
9450411000001100
9457011000001105
9457211000001100
9471311000001104
9471411000001106
9474311000001101
9474411000001108
9499611000001103
9499811000001104
9554711000001108
9554811000001100
10294511000001103
10294611000001104
10435511000001108
10435611000001107
13765611000001105
13765711000001101
15089111000001108
15089211000001102
20925711000001102
20925811000001105
22018011000001101
22018211000001106
23981411000001102
23981511000001103
37078211000001101
37078411000001102
38924411000001109
38924511000001108
42210611000001103
1012611000001107
5367511000001108
348111000001107
1354611000001106
9445611000001108
9445711000001104
9448911000001108
9449011000001104
9450511000001101
9450611000001102
9457311000001108
9457511000001102
9471511000001105
9471611000001109
9474511000001107
9474611000001106
9500311000001107
9500411000001100
9554911000001105
9555011000001105
10294711000001108
10295011000001105
10435711000001103
10435811000001106
13765811000001109
13765911000001104
15209611000001107
15209711000001103
15209911000001101
20937311000001107
20937411000001100
23981611000001104
23981711000001108
37078911000001105
37079211000001106
42379211000001107
993111000001102
5351711000001104
5534711000001103
5534811000001106
5534911000001101
19689611000001100
19689811000001101
48211000001104
1356411000001100
10742711000001102
10743111000001109
10828511000001108
10828611000001107
20638811000001103
11879711000001104
11879811000001107
12060711000001101
12060911000001104
20971611000001109
12498511000001100
12498611000001101
13651711000001102
13651911000001100
13767611000001103
13767711000001107
14126011000001109
14126211000001104
15156311000001100
15156511000001106
15639011000001109
15639111000001105
19689711000001109
19689911000001106
16213611000001106
16213711000001102
16631411000001104
16631511000001100
17955511000001101
17955611000001102
18426311000001107
18426411000001100
21295411000001108
21295711000001102
21845111000001102
21845211000001108
21845311000001100
22378611000001102
22378711000001106
26782611000001107
26782811000001106
30075311000001109
30075411000001102
36838711000001105
36838911000001107
37126511000001107
37126611000001106
39164911000001109
39165011000001109
39185111000001108
39185211000001102
41974111000001108
41974311000001105
42379311000001104
1096511000001105
5537411000001104
5538111000001105
19689211000001102
19689411000001103
902211000001100
1356511000001101
10743211000001103
10743311000001106
10828711000001103
10828811000001106
20501211000001107
11879911000001102
11880011000001101
12061211000001102
12061311000001105
20971711000001100
12498711000001105
12498811000001102
13652011000001107
13652111000001108
13767811000001104
13767911000001109
14126311000001107
14126811000001103
15156711000001101
15156911000001104
15639211000001104
15639411000001100
19689311000001105
19689511000001104
16213911000001100
16214011000001102
16631211000001103
16631311000001106
17955711000001106
17955811000001103
18426911000001108
18427711000001109
21296211000001103
21296411000001104
21845411000001107
21845511000001106
21845611000001105
22378411000001100
22378511000001101
26783111000001105
26783211000001104
30075511000001103
30075611000001104
30856611000001105
30856711000001101
36839011000001103
36839211000001108
39165111000001105
39165211000001104
39185311000001105
39185411000001103
41974611000001100
41974711000001109
42374111000001102
1251811000001103
4811000001104
1356611000001102
792211000001109
1356711000001106
795111000001105
1356811000001103
488511000001104
1356911000001108
456011000001101
1357011000001107
773011000001102
1357111000001108
395411000001101
1357311000001105
749611000001107
1357411000001103
448611000001106
1357511000001104
102611000001100
1357611000001100
289711000001101
1357711000001109
5624811000001101
5624911000001106
9793911000001101
9794011000001103
10405411000001104
10405511000001100
11553711000001101
11553811000001109
13749511000001102
13749611000001103
15970011000001102
15970111000001101
17901211000001109
17901311000001101
19190611000001109
19190711000001100
21934111000001108
21934211000001102
23881711000001101
23881811000001109
29848711000001101
29848811000001109
38880811000001104
38880911000001109
42374211000001108
988511000001101
5506511000001108
5506611000001107
526511000001100
1357811000001101
665211000001105
1357911000001106
695511000001106
1358011000001108
923711000001107
1358111000001109
381411000001100
1358211000001103
233511000001103
1428611000001108
728411000001104
1429111000001107
302311000001104
1430111000001104
508511000001105
1431311000001107
346311000001105
1431611000001102
367611000001108
1432111000001100
5625411000001102
5625511000001103
9794611000001105
9794711000001101
10406011000001104
10406111000001103
11554311000001103
11554411000001105
13750211000001105
13750311000001102
15969611000001107
15969711000001103
17901811000001105
17901911000001100
19191211000001101
19191311000001109
19727711000001103
19727811000001106
21934711000001109
21934911000001106
23973911000001101
23974011000001103
30125211000001106
30125311000001103
36610011000001109
36610211000001104
36740411000001103
36740711000001109
38881011000001101
38881111000001100
38955411000001109
38955811000001106
40457911000001109
40458011000001106
41613811000001107
41613911000001102
42381611000001104
975711000001107
1304911000001107
802311000001101
1379911000001101
1380211000001105
5588511000001108
5589411000001101
5624411000001103
5624511000001104
5629311000001106
5629411000001104
5631411000001102
5631511000001103
5632611000001105
5632711000001101
5878511000001103
5879911000001102
5923011000001109
5924611000001104
7433211000001103
7433411000001104
7818311000001103
7818411000001105
7948911000001100
7949011000001109
8267111000001104
8267311000001102
10296511000001109
10296611000001108
10412411000001109
10412511000001108
11407911000001108
11408111000001106
15183911000001103
15184111000001104
16065011000001105
16065311000001108
17921111000001107
17921211000001101
21878111000001106
21878211000001100
28780011000001109
28780111000001105
30087011000001109
30087111000001105
30866711000001105
30867011000001106
32497211000001100
32497311000001108
34747611000001109
34747711000001100
38739511000001103
38739611000001104
38793311000001101
38793411000001108
39207911000001100
39208011000001103
42750211000001102
42750311000001105
42381211000001101
1069111000001107
3039911000001107
41966011000001109
43711000001100
1380511000001108
3040111000001100
5589711000001107
5589811000001104
5624611000001100
5624711000001109
5629611000001101
5629711000001105
5631611000001104
5631711000001108
5632811000001109
5632911000001104
5880511000001109
5881011000001105
5925111000001106
5925511000001102
7433511000001100
7433711000001105
7818511000001109
7818611000001108
7949111000001105
7949311000001107
8267511000001108
8267611000001107
10297111000001102
10297211000001108
10412711000001103
10412911000001101
11408211000001100
11408311000001108
15182211000001101
15182511000001103
16065411000001101
16065511000001102
17921311000001109
17921411000001102
21878311000001108
21878411000001101
28780211000001104
28780311000001107
30087411000001100
30087511000001101
30867211000001101
30867411000001102
32497411000001101
32497511000001102
34747811000001108
34747911000001103
38577011000001100
38577111000001104
39206011000001102
39206211000001107
41966311000001107
41966411000001100
41966511000001101
42750411000001103
42750511000001104
42381411000001102
1208511000001104
1100011000001108
835411000001105
1380611000001107
1380811000001106
5588011000001100
5588311000001102
5623511000001102
5623611000001103
5628711000001101
5637511000001109
5631211000001101
5631311000001109
5632411000001107
5632511000001106
5875911000001104
5876411000001103
5921211000001103
5922011000001100
7433011000001108
7433111000001109
7817811000001108
7818011000001101
7948711000001102
7948811000001105
8266411000001107
8266711000001101
9805611000001106
9805811000001105
10296711000001104
10296811000001107
10412211000001105
10412311000001102
15183111000001101
15183311000001104
16064811000001100
16064911000001105
17920911000001103
17921011000001106
21877911000001108
21878011000001105
28779811000001103
28779911000001108
30086811000001100
30086911000001105
30866311000001106
30866511000001100
32497011000001105
32497111000001106
34747411000001106
34747511000001105
38578211000001109
38578511000001107
38793111000001103
38793211000001109
39207411000001108
39207611000001106
42750011000001107
42750111000001108
42381011000001106
996911000001105
111611000001109
1381111000001105
5587511000001109
5587911000001102
5623311000001108
5623411000001101
5632211000001108
5632311000001100
5873711000001102
5874811000001108
5919811000001106
5920111000001103
7338611000001103
7338711000001107
7432811000001105
7432911000001100
7816611000001107
7816911000001101
8266111000001102
8266311000001100
9806011000001108
9806211000001103
10297411000001107
10297611000001105
10412011000001100
10412111000001104
15181211000001108
15181511000001106
16064611000001104
16064711000001108
17920711000001100
17920811000001108
21877711000001106
21877811000001103
28779611000001102
28779711000001106
30086611000001104
30086711000001108
30865311000001101
30866111000001109
32496811000001101
32496911000001106
34747211000001107
34747311000001104
39205611000001104
39205711000001108
41965811000001106
41965911000001101
42749411000001106
42749511000001105
42372311000001107
1046811000001102
947911000001103
1323511000001105
5454511000001102
17424211000001102
303411000001102
1392811000001106
501411000001104
1393211000001104
424411000001101
1394011000001106
477111000001100
1394411000001102
517711000001103
1394511000001103
1394611000001104
1394711000001108
455611000001103
1394911000001105
1395011000001105
17424411000001103
260611000001102
1403911000001100
817411000001108
1404011000001102
597511000001109
1404111000001101
345711000001101
1404211000001107
1404311000001104
614411000001107
1404411000001106
762611000001109
1404511000001105
670111000001104
1404611000001109
1404711000001100
562011000001101
1592611000001105
13741611000001104
13741711000001108
13741811000001100
15988011000001107
15988111000001108
17819611000001103
17819811000001104
21815211000001104
21815411000001100
22627511000001107
22627611000001106
23479311000001101
23479411000001108
29778411000001106
29778511000001105
38818811000001103
38818911000001108
40703711000001101
40703811000001109
42211811000001107
1320311000001105
680811000001102
1398411000001106
42372411000001100
1040911000001109
980811000001101
1289011000001103
5531311000001100
11056611000001102
14328411000001108
429211000001101
1404811000001108
248011000001100
1405011000001103
3911000001107
1405111000001102
572511000001102
1405711000001101
814111000001108
1406011000001107
1405911000001104
1406311000001105
386611000001109
1406411000001103
1406611000001100
18243211000001107
760211000001106
1406811000001101
829011000001101
1406911000001106
767911000001101
1407011000001105
653111000001108
1407211000001100
291911000001104
1407411000001101
212311000001105
1407611000001103
827011000001105
1407711000001107
805111000001105
1407811000001104
1407911000001109
13741911000001105
13742011000001103
13742111000001102
15988211000001102
15988311000001105
18556811000001108
17820311000001109
17820611000001104
21815711000001106
21815811000001103
22627711000001102
22627811000001105
23479611000001106
23479811000001105
29778611000001109
29778711000001100
38819211000001109
38819311000001101
40700111000001109
40700211000001103
42380911000001103
1123611000001100
5327211000001102
582611000001106
1436011000001102
7391911000001105
7392111000001102
7396911000001100
7397011000001101
7496811000001101
7496911000001106
7506011000001104
7506111000001103
7514011000001106
7514111000001107
7561411000001103
7561511000001104
8044211000001102
8044411000001103
9207711000001100
9207811000001108
10410311000001101
10410411000001108
15180311000001105
15180511000001104
18169211000001100
18169311000001108
21875211000001107
21875311000001104
27615511000001108
27615811000001106
30083611000001105
30083711000001101
30861511000001109
30861611000001108
42374011000001103
1100711000001105
225811000001104
1439811000001102
676011000001102
1439911000001107
115211000001105
1440011000001101
401711000001103
1440211000001106
414411000001109
1440311000001103
127311000001103
1440411000001105
450811000001105
1440511000001109
316111000001104
1441411000001101
761411000001101
1441511000001102
104511000001109
1441811000001104
688811000001104
1442811000001108
5625211000001101
5625311000001109
9794411000001107
9794511000001106
10405811000001102
10405911000001107
11554111000001100
11554211000001106
13749911000001109
13750111000001104
15969311000001102
15969511000001108
17901611000001106
17901711000001102
19191011000001106
19191111000001107
19727511000001108
19727611000001107
21934511000001104
21934611000001100
23483911000001108
23484011000001106
23881511000001106
23881611000001105
29848511000001106
29848611000001105
30125011000001101
30125111000001100
36609411000001107
36609511000001106
36739811000001106
36740111000001108
38880611000001103
38880711000001107
40457711000001107
40457811000001104
41429711000001109
41429811000001101
41613611000001108
41613711000001104
42380611000001109
1076311000001105
16254411000001104
231111000001106
1439211000001103
7392211000001108
7392311000001100
7397111000001100
7397211000001106
7498511000001103
7498611000001104
7506211000001109
7506311000001101
7514211000001101
7514311000001109
7561611000001100
7561711000001109
8044511000001104
8044611000001100
9208111000001100
9208211000001106
10410511000001107
10410611000001106
15178411000001106
15178611000001109
17912611000001103
17912711000001107
18169411000001101
18169511000001102
21875411000001106
21875611000001109
27617011000001107
27617411000001103
30084211000001106
30084411000001105
30861711000001104
30861811000001107
42380711000001100
1038311000001106
829111000001100
1440111000001100
7392411000001107
7392511000001106
7397311000001103
7397411000001105
7498711000001108
7498811000001100
7506411000001108
7506511000001107
7514411000001102
7514511000001103
7561811000001101
7561911000001106
8044711000001109
8044811000001101
9208411000001105
9208611000001108
10410711000001102
10410811000001105
15179411000001103
15179511000001104
17912811000001104
17912911000001109
18169611000001103
18169711000001107
21875711000001100
21875911000001103
27618511000001100
27618711000001105
30084511000001109
30084611000001108
30861911000001102
30862011000001109
42380811000001108
1175211000001102
86411000001109
1440611000001108
7392611000001105
7392811000001109
7397511000001109
7397611000001108
7498911000001105
7499011000001101
7514611000001104
7514711000001108
7562011000001104
7562111000001103
8093311000001102
8093411000001109
9208711000001104
9208811000001107
10410911000001100
10411011000001108
15179711000001109
15179911000001106
17913011000001101
17913111000001100
18169811000001104
18170111000001109
21876011000001106
21876111000001107
27695411000001108
27696011000001108
30084811000001107
30084911000001102
30862111000001105
30862311000001107
42374311000001100
1061011000001107
39415911000001108
26111000001109
1446011000001103
92211000001108
1446411000001107
319411000001102
1448411000001108
766411000001107
1449111000001105
856011000001106
1449711000001106
50211000001104
1450111000001103
51511000001108
1450411000001108
13037311000001100
730211000001104
1451111000001109
578511000001100
1452311000001102
259111000001109
1452811000001106
936511000001107
1453111000001105
5625011000001106
5625111000001107
9794111000001102
9794211000001108
10405611000001101
10405711000001105
11553911000001104
11554011000001101
13749711000001107
13749811000001104
15970611000001109
15970711000001100
17901411000001108
17901511000001107
19190811000001108
19190911000001103
19727011000001100
19727411000001109
21282011000001108
21282111000001109
21934311000001105
21934411000001103
23881911000001104
23882011000001106
29848911000001104
29849011000001108
30124811000001106
30124911000001101
36739211000001105
36739611000001107
38881211000001106
38881311000001103
39415811000001103
39416011000001100
40457511000001102
40457611000001103
41429911000001106
41430011000001101
42376211000001103
999111000001104
36937811000001106
593111000001108
1533911000001104
321011000001103
1534011000001101
60211000001105
2265611000001106
877611000001104
2265711000001102
461611000001106
2265911000001100
874311000001100
2801211000001103
37768111000001103
460011000001108
2801511000001100
709811000001102
2801711000001105
96611000001106
2801811000001102
337211000001101
2801911000001107
3695211000001103
3695311000001106
5253711000001106
5253811000001103
36937911000001101
7314011000001108
7314111000001109
9809811000001108
9809911000001103
10290411000001108
10290611000001106
10385711000001103
10385811000001106
14122911000001109
14123011000001101
15107611000001100
15107711000001109
16060211000001109
16060311000001101
17937011000001103
17937111000001102
42581111000001105
22072211000001102
22072311000001105
24368011000001107
24368311000001105
37759411000001106
27377211000001100
27377311000001108
30221411000001105
30221511000001109
35391311000001107
35391411000001100
39018311000001106
39018411000001104
41733911000001101
41734111000001102
42203611000001109
42203811000001108
42481311000001100
42481411000001107
42376511000001100
1044011000001103
5428111000001104
36937411000001109
823211000001109
1534111000001100
778011000001109
1534211000001106
528611000001100
2266311000001106
35611000001109
2266411000001104
36937711000001103
683211000001108
2266611000001101
574111000001103
2266711000001105
18111000001103
2803711000001106
37768311000001101
34511000001109
2803911000001108
561911000001108
2804311000001109
854811000001107
2804511000001103
72111000001106
2804811000001100
3695411000001104
3695511000001100
7314511000001100
7314611000001101
9810211000001103
9810311000001106
10291711000001105
10291911000001107
10386011000001109
10386211000001104
13754011000001107
13754111000001108
14123111000001100
14123211000001106
15108011000001108
15108111000001109
16060411000001108
16060511000001107
17937211000001108
17937311000001100
42581211000001104
18463411000001102
18463511000001103
22072411000001103
22072511000001104
24368811000001101
24368911000001106
37759511000001105
27377411000001101
27377511000001102
30221611000001108
30221711000001104
35165211000001107
35165311000001104
35391711000001106
35391811000001103
39018911000001107
39019011000001103
41734411000001107
41734511000001106
42204111000001104
42204311000001102
42482011000001106
42482111000001107
42376111000001109
1067211000001107
5515311000001109
36938011000001104
825311000001100
1534311000001103
315211000001104
1534411000001105
640511000001107
2267211000001101
656411000001108
2267311000001109
36938211000001109
145811000001100
2267511000001103
499711000001101
2267611000001104
532711000001109
2800411000001108
37768011000001104
247511000001109
2800511000001107
832711000001108
2800611000001106
872611000001102
2800711000001102
912911000001107
2800811000001105
3695611000001101
3695711000001105
7314811000001102
7314911000001107
9810411000001104
9810611000001101
10290011000001104
10290111000001103
10386411000001100
10386611000001102
13754211000001102
13754311000001105
14123311000001103
14123411000001105
15107411000001103
15107511000001104
16060611000001106
16060711000001102
17937411000001107
17937511000001106
42581311000001107
18463011000001106
18463111000001107
22072611000001100
22072711000001109
24367411000001102
24367511000001103
37759611000001109
27377611000001103
27377711000001107
30221811000001107
30221911000001102
35165411000001106
35165511000001105
35392011000001101
35392211000001106
39018011000001108
39018111000001109
41734611000001105
41734711000001101
42239311000001109
42239411000001102
42480311000001105
42480411000001103
42376411000001104
1247111000001100
36938311000001101
891711000001107
1534711000001104
56711000001109
1534811000001107
487411000001102
2267911000001105
576511000001101
2268611000001100
36938411000001108
637111000001101
2268911000001106
360711000001100
2269011000001102
668811000001102
2802511000001108
37768211000001109
460111000001109
2802711000001103
607011000001108
2803111000001105
155311000001107
2803511000001101
580411000001107
2803411000001100
3695811000001102
3695911000001107
7315011000001107
7315111000001108
9810811000001102
9810911000001107
10291011000001108
10291311000001106
10386911000001108
10387111000001108
13754411000001103
13754511000001104
14123511000001109
14123611000001108
15107811000001101
15107911000001106
16060811000001105
16060911000001100
17937611000001105
17937711000001101
42581411000001100
18463211000001101
18463311000001109
22072811000001101
22072911000001106
24368611000001100
24368711000001109
37759711000001100
27377811000001104
27377911000001109
30222011000001109
30222111000001105
35165611000001109
35165711000001100
35392311000001103
35392411000001105
39018511000001100
39018611000001101
41735111000001103
41735211000001109
42239511000001103
42239711000001108
42481811000001109
42481911000001104
39691911000001109
1246211000001109
146811000001108
1631211000001102
4473011000001102
4473311000001104
7846711000001109
7846911000001106
9253411000001107
9253511000001106
13750511000001108
13750611000001107
17901011000001104
17901111000001103
18743911000001105
18744011000001108
23973711000001103
23973811000001106
29849111000001109
29849211000001103
30124611000001107
30124711000001103
33586411000001104
33586611000001101
38881411000001105
38881511000001109
40230111000001108
40230211000001102
42373911000001101
1125311000001106
985611000001108
5620311000001102
642211000001105
1916311000001105
263311000001101
1916511000001104
17311000001102
1916911000001106
18423811000001107
614011000001103
1917211000001100
307811000001106
1917411000001101
5470811000001107
5471111000001106
13747211000001106
13747311000001103
42375111000001103
1117711000001109
797911000001103
2179811000001104
42375011000001104
1297411000001104
533511000001106
2186111000001109
39693411000001102
1301211000001100
16254911000001107
260211000001104
2605611000001109
22785911000001108
22786011000001100
35179711000001107
35179811000001104
42373811000001106
1046111000001109
962511000001101
546711000001107
2628211000001105
207311000001109
2628311000001102
765211000001102
2628811000001106
5470311000001103
5470611000001108
7492911000001107
7493211000001109
13747011000001101
13747111000001100
3437611000001100
955611000001100
562511000001109
2646711000001100
16083211000001102
16083411000001103
16641511000001101
16641611000001102
18311211000001107
18311311000001104
3464011000001105
3041711000001107
3042211000001107
3042611000001109
42376311000001106
3143011000001101
5600611000001104
15419111000001101
3143111000001100
3143211000001106
3143511000001109
3143711000001104
7334911000001102
7335011000001102
7385711000001106
7385811000001103
7495911000001104
7496111000001108
7513811000001103
7513911000001108
7977511000001109
7977611000001108
8145911000001100
8146011000001108
8171711000001103
8172011000001108
9089111000001103
9089211000001109
13754811000001101
13754911000001106
13845711000001107
13845811000001104
16061211000001103
16061311000001106
17936811000001107
17936911000001102
22071811000001105
22072011000001107
24367111000001107
24367311000001109
27475211000001104
27475311000001107
29891911000001102
29892011000001109
37259911000001107
37261511000001108
38240011000001105
38240111000001106
39019311000001100
39019411000001107
42213111000001104
3144211000001109
15505211000001103
3144311000001101
3144411000001108
3144511000001107
3144611000001106
7334711000001104
7334811000001107
7385911000001108
7386011000001100
7495011000001103
7497011000001105
7513611000001102
7513711000001106
7977211000001106
7977411000001105
8145711000001102
8145811000001105
8171311000001102
8171511000001108
13754611000001100
13754711000001109
13845511000001102
13845611000001103
16061011000001108
16061111000001109
17936611000001108
17936711000001104
22071611000001106
22071711000001102
24366811000001102
24366911000001107
28168411000001108
28168811000001105
29892111000001105
29892211000001104
30221211000001106
30221311000001103
38240211000001100
38240411000001101
39019111000001102
39019211000001108
39685211000001103
3669511000001100
5597811000001106
3669711000001105
3670011000001106
15524811000001107
39685911000001107
3670611000001104
3671311000001104
3671511000001105
21304711000001108
21304811000001100
21676211000001105
21676311000001102
23647711000001108
23647811000001100
23997011000001100
23997111000001104
29787511000001100
29787611000001101
30029911000001108
30030011000001103
30769211000001105
30769311000001102
31356011000001106
31356111000001107
39685311000001106
3672111000001106
3672411000001101
3672711000001107
36149211000001102
3691111000001107
3691211000001101
3691411000001102
39686011000001104
3739411000001101
15524911000001102
3740211000001108
3740511000001106
15525011000001102
42379411000001106
3803611000001105
19690011000001103
19690211000001108
20169011000001106
3803711000001101
3803911000001104
10829111000001106
10829211000001100
20501311000001104
11880111000001100
11880211000001106
11925111000001106
11925211000001100
12061411000001103
12061511000001104
20971811000001108
12498911000001107
12499011000001103
13768011000001106
13768111000001107
15157111000001104
15157311000001102
15639611000001102
15639711000001106
19690111000001102
19690311000001100
16631011000001108
16631111000001109
17218111000001108
17218211000001102
17955911000001108
17956011000001100
18428311000001106
18428411000001104
20104111000001105
20104311000001107
20319211000001109
20319311000001101
21296511000001100
21296711000001105
21845711000001101
21845811000001109
21845911000001104
22378211000001104
22378311000001107
26783411000001100
26783611000001102
30075711000001108
30075811000001100
30856811000001109
30856911000001104
36839511000001106
36839611000001105
39165311000001107
39165411000001100
39184911000001107
39185011000001107
41974811000001101
41974911000001106
42374811000001109
3887711000001107
3887911000001109
3888011000001106
42377511000001103
4040111000001103
4040311000001101
4040411000001108
42377611000001104
4040711000001102
4041111000001109
4041311000001106
42374711000001101
4092911000001107
4093211000001109
4093411000001108
42381111000001107
5010411000001107
5010511000001106
5010611000001105
5590011000001101
5590311000001103
5625611000001104
5625711000001108
5630211000001107
5630411000001106
5710811000001107
5711511000001102
5881111000001106
5883911000001105
5927411000001107
5927511000001106
7338811000001104
7338911000001109
7562211000001109
7562311000001101
10441011000001101
10441111000001100
11413411000001105
11413511000001109
11533411000001106
11533511000001105
13761711000001103
13761811000001106
15181811000001109
15182011000001106
17921611000001104
17921911000001105
19834511000001104
19834611000001100
21878711000001107
21878811000001104
30087611000001102
30087711000001106
36834211000001109
36834311000001101
37137811000001109
37137911000001104
39205811000001100
39205911000001105
42381511000001103
5010711000001101
13601011000001107
33764111000001104
5010811000001109
5010911000001104
13601311000001105
33764211000001105
5590811000001107
5591011000001105
5625811000001100
5625911000001105
5630511000001105
5630711000001100
5712111000001101
5714511000001100
5884511000001100
5884911000001107
5928111000001101
5928311000001104
7339011000001100
7339111000001104
7562411000001108
7562511000001107
10441411000001105
10441511000001109
10720911000001101
10721011000001109
11413811000001107
11413911000001102
11533611000001109
11533711000001100
13761911000001101
13762011000001108
15183611000001109
15183711000001100
17922011000001103
17922211000001108
19834711000001109
19834811000001101
21878911000001109
21879111000001104
30087811000001103
30087911000001108
30867511000001103
30867611000001104
36834411000001108
36834511000001107
39207711000001102
39207811000001105
42381711000001108
5011011000001107
13601111000001108
33764711000001103
5011111000001108
5011211000001102
13601411000001103
33764811000001106
5591311000001108
5591611000001103
5626011000001102
5626111000001101
5630811000001108
5630911000001103
5715011000001107
5715511000001104
5885211000001102
5885611000001100
5932311000001104
5936411000001107
7339211000001105
7339311000001102
7562611000001106
7562711000001102
10441611000001108
10441711000001104
10721111000001105
10721211000001104
11414011000001104
11414111000001103
11533811000001108
11533911000001103
13762111000001109
13762211000001103
15184311000001102
15184511000001108
17922411000001107
17922611000001105
19834911000001106
19835011000001106
20005511000001105
20005611000001109
21879211000001105
21879311000001102
30088011000001105
30088111000001106
30867711000001108
30867811000001100
35179911000001109
35180011000001105
36834611000001106
36834911000001100
39208211000001108
39208311000001100
42381311000001109
5011311000001105
13601211000001102
33764911000001101
5011411000001103
5011511000001104
13601511000001104
33765011000001101
5591911000001109
5592011000001102
5626211000001107
5626311000001104
5631011000001106
5631111000001107
5716011000001103
5716411000001107
5885911000001106
5886211000001108
5937511000001108
5938711000001102
7339411000001109
7339511000001108
7562811000001105
7562911000001100
10441211000001106
10441311000001103
10721411000001100
10721611000001102
11413611000001108
11413711000001104
11534011000001100
11534111000001104
13762311000001106
13762411000001104
15182711000001108
15183011000001102
17922811000001109
17923011000001107
19835111000001107
19835211000001101
20005711000001100
20005811000001108
21879411000001109
21879511000001108
30088211000001100
30088311000001108
30867911000001105
30868011000001107
35180111000001106
35180211000001100
36835211000001105
36835311000001102
39206411000001106
39206511000001105
42383711000001109
5651511000001102
5651611000001103
5651711000001107
13432811000001103
13432911000001108
13470511000001100
13470611000001101
13494811000001100
13494911000001105
13694911000001107
13695011000001107
13707511000001103
13707611000001104
14409011000001107
14409211000001102
15162111000001105
15162211000001104
15198011000001105
15198311000001108
17862911000001103
17863011000001106
21892911000001101
21893011000001109
30104911000001107
30105011000001107
30941011000001102
30941111000001101
39916011000001103
39916111000001102
7659911000001107
7658411000001107
15864511000001101
7658811000001109
7658911000001104
15864611000001102
15864711000001106
8346711000001101
8310611000001100
8310711000001109
8310811000001101
8346811000001109
8311011000001103
8311111000001102
8311311000001100
8346311000001100
8311511000001106
8311611000001105
8311811000001109
8346911000001104
8311711000001101
8311911000001104
8312011000001106
8346411000001107
8312511000001103
8312211000001101
8312611000001104
8347011000001100
8312111000001107
8312311000001109
8312411000001102
8347111000001104
8312711000001108
8312811000001100
8313111000001101
8346511000001106
8312911000001105
8313211000001107
8313411000001106
8347311000001102
8313011000001102
8313311000001104
8313511000001105
8347211000001105
8313611000001109
8314111000001104
8314411000001109
8347411000001109
8313711000001100
8313911000001103
8314211000001105
8346611000001105
8313811000001108
8314011000001100
8318111000001105
8347511000001108
8314511000001108
8314611000001107
8314711000001103
8347611000001107
8314811000001106
8314911000001101
8315011000001101
8348011000001104
8315111000001100
8315611000001108
8315911000001102
8348211000001109
8315211000001106
8315311000001103
8315411000001105
8347811000001106
8315511000001109
8315811000001107
8316111000001106
8348311000001101
8315711000001104
8316011000001105
8316211000001100
8347911000001101
8316311000001108
8316411000001101
8316511000001102
8348111000001103
8316611000001103
8316711000001107
8316811000001104
8348511000001107
8316911000001109
20429011000001104
8317011000001108
8317111000001109
20429111000001103
8348711000001102
8317211000001103
8317311000001106
8317411000001104
8348611000001106
8317511000001100
20429211000001109
8317611000001101
8317811000001102
20429311000001101
8348811000001105
8317711000001105
8317911000001107
8318011000001109
8350011000001104
8318311000001107
8318611000001102
8318811000001103
8350111000001103
8319011000001104
8319211000001109
8319311000001101
8349711000001106
8319611000001106
8319811000001105
8320011000001103
8351011000001108
8319911000001100
8320111000001102
8320211000001108
8349911000001108
8320311000001100
8320811000001109
8320911000001104
8351111000001109
8320411000001107
8320611000001105
8320711000001101
8351211000001103
8321011000001107
8321211000001102
8321411000001103
8351511000001100
8321711000001109
8321811000001101
8322011000001104
8350811000001105
8321911000001106
8322111000001103
8322211000001109
8351911000001107
8322311000001101
8322411000001108
8322611000001106
8352011000001100
8322711000001102
8322811000001105
8322911000001100
8350911000001100
8323111000001109
8323311000001106
8323411000001104
8353311000001107
8323511000001100
8323611000001101
8323711000001105
8350211000001109
8323911000001107
8325711000001106
8326611000001107
8350511000001107
8323811000001102
8324011000001105
8324311000001108
8353411000001100
8324111000001106
8324211000001100
8324411000001101
8350611000001106
8324611000001103
8324811000001104
8325011000001109
8354411000001102
8324511000001102
8324711000001107
8324911000001109
8353811000001103
8325111000001105
8325411000001100
8325811000001103
8354511000001103
8325211000001104
8325311000001107
8325511000001101
8351611000001101
8325611000001102
19595111000001103
8325911000001108
8326311000001102
19595211000001109
8353911000001108
8326211000001105
8326511000001108
8326711000001103
8350311000001101
8327711000001100
8327811000001108
8327911000001103
8351811000001102
8328211000001106
19595411000001108
8328611000001108
8328811000001107
19595511000001107
8353511000001101
8329211000001101
8329511000001103
8329711000001108
8353611000001102
8330911000001101
8331311000001107
8331511000001101
8485511000001103
8458511000001100
8458611000001101
8458811000001102
8485611000001104
8459011000001103
33577411000001105
8459111000001102
8459311000001100
33577511000001109
8486011000001102
8459511000001106
8459711000001101
8459811000001109
8485711000001108
8460111000001101
8460311000001104
8460611000001109
8486111000001101
8460211000001107
8460511000001105
8460811000001108
8486211000001107
8461211000001101
8461511000001103
8461711000001108
8485811000001100
8461411000001102
32926111000001104
8461811000001100
8461911000001105
32926311000001102
8489611000001101
8462011000001103
8462111000001102
8462211000001108
8486511000001105
8462311000001100
8462411000001107
8462611000001105
8486711000001100
8462511000001106
8462711000001101
8462811000001109
8486611000001109
8463011000001107
8463111000001108
8463411000001103
8486811000001108
8463311000001105
8463611000001100
8463811000001101
8486911000001103
8463711000001109
21310911000001102
8463911000001106
8464011000001109
21311011000001105
8487011000001104
8464111000001105
21315511000001104
8464211000001104
8464311000001107
21315611000001100
8621911000001101
8590711000001105
8590911000001107
8591011000001104
8622011000001108
8591211000001109
8591311000001101
8591411000001108
8622111000001109
8591811000001105
27877311000001105
8591911000001100
8592011000001107
27877411000001103
8622211000001103
8592111000001108
27877511000001104
8592211000001102
8592311000001105
27877611000001100
8622811000001102
8592411000001103
8592511000001104
8592711000001109
8622311000001106
8592611000001100
27877711000001109
8592811000001101
8592911000001106
27877811000001101
8622911000001107
8593011000001103
8593111000001102
8593211000001108
8622411000001104
8593311000001100
27877911000001106
8593411000001107
8593511000001106
27878011000001108
8622511000001100
8593611000001105
19597111000001107
8593711000001101
8593811000001109
19597211000001101
8622611000001101
8593911000001104
19597311000001109
8594211000001106
8594311000001103
19597511000001103
8671211000001106
8646011000001109
8646211000001104
8646411000001100
8671311000001103
8646911000001108
23395311000001101
8647111000001108
8647311000001105
23395411000001108
8720411000001108
8693011000001106
8693211000001101
8693411000001102
8720611000001106
8693111000001107
19604411000001103
8693311000001109
8693511000001103
19604511000001104
8720511000001107
8693611000001104
40613611000001101
8693711000001108
8693811000001100
40614211000001100
8720711000001102
8693911000001105
19604611000001100
8694011000001108
8694111000001109
19604711000001109
8720211000001109
8694211000001103
8694311000001106
8694711000001105
8720811000001105
8694511000001100
19604811000001101
8694911000001107
8695111000001108
19604911000001106
8720311000001101
8695411000001103
8695511000001104
8695711000001109
8720911000001100
8695611000001100
19605011000001106
8695811000001101
8695911000001106
19605111000001107
8791811000001109
8743411000001103
8743511000001104
8743611000001100
8791911000001104
8743711000001109
8743811000001101
8743911000001106
8816111000001109
8807211000001103
8807311000001106
8807411000001104
11490011000001105
11484411000001106
11484511000001105
11484611000001109
12034711000001102
12006311000001101
12006411000001108
12006511000001107
12034611000001106
12006611000001106
12006711000001102
12006811000001105
12085211000001102
12072411000001104
12072511000001100
12072611000001101
12085111000001108
12073011000001104
12073111000001103
12073211000001109
12085411000001103
12073311000001101
12073411000001108
12073511000001107
12085311000001105
12073611000001106
12073711000001102
12073811000001105
12085611000001100
12073911000001100
12074011000001102
12074111000001101
12085511000001104
12074211000001107
12074311000001104
12074411000001106
12085811000001101
12074511000001105
12074611000001109
12074711000001100
12085711000001109
12074811000001108
12074911000001103
12075011000001103
12086011000001103
12075311000001100
12075611000001105
12075811000001109
12085911000001106
12076111000001108
12076511000001104
12076811000001101
12086211000001108
12077011000001105
12077111000001106
12077211000001100
12086111000001102
12077311000001108
12077411000001101
12077511000001102
12086411000001107
12077611000001103
12077711000001107
12077811000001104
12086311000001100
12077911000001109
12078011000001106
12078111000001107
12292711000001108
12250511000001108
12250611000001107
12250711000001103
12292611000001104
12250811000001106
12251011000001109
12251111000001105
12292911000001105
12251211000001104
12251311000001107
12251511000001101
12292811000001100
12251811000001103
12252011000001101
12252211000001106
12293111000001101
12252311000001103
12252411000001105
12252511000001109
12293011000001102
12252711000001104
12252911000001102
12253011000001105
12293311000001104
12253211000001100
12253311000001108
12253511000001102
12293211000001107
12253611000001103
12253711000001107
12253811000001104
12293511000001105
12254011000001107
12254311000001105
12254511000001104
12293411000001106
12254711000001109
12254811000001101
12254911000001106
12293711000001100
12255311000001109
12255411000001102
12255511000001103
12293611000001109
12255711000001108
12255911000001105
12256011000001102
12293911000001103
12256211000001107
12256311000001104
12256411000001106
12293811000001108
12256511000001105
12256611000001109
12256711000001100
12294111000001104
12256811000001108
12256911000001103
12257011000001104
12294011000001100
12257411000001108
12257711000001102
12257911000001100
12291411000001107
12282011000001105
12282211000001100
12282411000001101
12291511000001106
12283111000001100
12283411000001105
12283611000001108
12312511000001107
12305411000001103
12305711000001109
12305811000001101
12312411000001108
12305911000001106
12306011000001103
12306111000001102
12312611000001106
12306311000001100
12306511000001106
12307111000001104
12312711000001102
12307711000001103
12307911000001101
12308011000001104
12312811000001105
12308511000001107
12308611000001106
12308711000001102
12312911000001100
12309111000001105
12309211000001104
12309311000001107
12313011000001108
12309711000001106
12309811000001103
12310011000001103
12313111000001109
12310611000001105
12310711000001101
12310911000001104
12313211000001103
12311011000001107
12311311000001105
12311411000001103
12313311000001106
12311511000001104
12311611000001100
12311711000001109
12387111000001103
12344311000001104
12344411000001106
12344511000001105
12387211000001109
12321311000001100
12321411000001107
12321711000001101
12387311000001101
12322311000001109
12322411000001102
12322511000001103
12761011000001105
12733511000001107
12733911000001100
12734011000001102
12760911000001102
12734211000001107
12734311000001104
12734411000001106
12761211000001100
12734911000001103
12735011000001103
12735211000001108
12761111000001106
12735711000001101
12735911000001104
12736111000001108
12761411000001101
12736311000001105
12736511000001104
12736711000001109
12761311000001108
12736811000001101
12736911000001106
12737111000001106
13013411000001105
12992811000001101
12992911000001106
12993011000001103
13013311000001103
12993411000001107
12993511000001106
12993611000001105
13011311000001104
12995611000001109
12995911000001103
12996211000001101
13011211000001107
12996411000001102
12996511000001103
12996711000001108
13454311000001101
13444211000001107
13444311000001104
13444411000001106
13454111000001103
13444511000001105
13444611000001109
13444711000001100
13454411000001108
13444811000001108
13444911000001103
13445011000001103
13454211000001109
13445111000001102
13445211000001108
13445311000001100
13610111000001104
13600711000001101
33765111000001100
13600911000001104
13601611000001100
33765211000001106
14014711000001100
13976111000001105
13976211000001104
13976311000001107
14014811000001108
13976411000001100
13976511000001101
13976611000001102
14057311000001102
14032111000001102
14032211000001108
14032311000001100
14057411000001109
14032411000001107
14032511000001106
14032611000001105
14058511000001107
14032711000001101
14032811000001109
14032911000001104
14796411000001104
14790611000001103
14790711000001107
14790811000001104
15533211000001106
15530211000001101
15530311000001109
15530411000001102
15880311000001102
15879211000001105
15879311000001102
15879411000001109
15880411000001109
15879511000001108
15879611000001107
15879711000001103
16075011000001104
16046311000001107
16046711000001106
16047011000001107
19820711000001101
19813311000001104
19813411000001106
19813511000001105
19877111000001100
19870711000001100
19871011000001106
19871111000001107
20007111000001105
20007211000001104
20010511000001103
20010711000001108
21878511000001102
21878611000001103
30087211000001104
30087311000001107
39891011000001100
39891111000001104
20556011000001103
20549511000001103
20549611000001104
20549711000001108
21940011000001101
21911711000001101
21911811000001109
21911911000001104
21927911000001103
21928011000001101
21939911000001107
21912011000001106
21912111000001107
21912211000001101
21927111000001101
21927311000001104
29983911000001108
29984011000001106
21940111000001100
21912311000001109
21912411000001102
21912511000001103
21927511000001105
21927611000001109
29984111000001107
29984211000001101
21939811000001102
21912611000001104
21912711000001108
21912811000001100
21927711000001100
21927811000001108
29983711000001106
29983811000001103
23471511000001106
23394811000001109
23394911000001104
23395011000001104
23395211000001109
23395111000001103
23707311000001108
23681611000001103
23681711000001107
23681811000001104
35578311000001107
35578411000001100
35547011000001109
35547311000001107
35726411000001101
35726511000001102
35734911000001104
35735011000001104
36326411000001100
36326711000001106
36467911000001107
36468011000001109
37111211000001107
37111311000001104
38819011000001104
38819111000001103
40981911000001109
40982011000001102
42288711000001107
42288811000001104
23707511000001102
23681911000001109
23682011000001102
23682111000001101
35489111000001102
35578211000001104
35548711000001107
35548811000001104
35726611000001103
35726711000001107
35734711000001101
35734811000001109
36327011000001107
36327111000001108
36467711000001105
36467811000001102
37111011000001102
37111111000001101
38819511000001107
38819611000001106
40981711000001107
40981811000001104
41558811000001101
41558911000001106
23985011000001108
23971711000001104
23971811000001107
23971911000001102
24603111000001106
24603211000001100
24618711000001103
24618811000001106
23984911000001108
23972011000001109
23972111000001105
23972211000001104
24603311000001108
24603411000001101
24618911000001101
24619011000001105
23985111000001109
23972311000001107
23972411000001100
23972511000001101
24603711000001107
24603811000001104
24619311000001108
24619411000001101
23985211000001103
23972611000001102
23972711000001106
23972811000001103
24603511000001102
24603611000001103
24619111000001106
24619211000001100
30251811000001106
30223711000001103
30223811000001106
30223911000001101
30801411000001106
30801911000001103
30987911000001102
30988011000001100
32880611000001107
32875311000001104
32875411000001106
32875611000001109
42796811000001108
42795711000001108
42795811000001100
42795911000001105
42796011000001102
42796111000001101
42846911000001105
42834811000001108
42834911000001103
42835111000001102