42209811000001105
4495311000001107
16575811000001107
4495611000001102
4495711000001106
35354011000001100
35354111000001104
35366211000001105
35366311000001102
35366411000001109
35366511000001108
35372011000001108
35372111000001109
35427111000001102
35427211000001108
35431211000001100
35431311000001108
35775211000001107
35775311000001104
35858111000001107
35858411000001102
36417111000001108
36417511000001104
36492111000001105
36492211000001104
37378311000001108
37378411000001101
38899011000001103
38899111000001102
40102411000001105
40102511000001109
41143111000001107
41143211000001101
41438411000001108
41438511000001107
41745911000001104
41746011000001107
42316111000001101
42316211000001107
42794711000001109
42794811000001101
