42352511000001104
3257011000001107
3257311000001105
3257511000001104
3336411000001107
3257411000001103
3257611000001100
5108111000001105
3258211000001103
3259111000001102
9457711000001107
3260311000001104
3262211000001108
9245711000001103
3263311000001105
3265411000001104
5108911000001108
3265511000001100
3265611000001101
3266211000001109
3266511000001107
10276511000001103
3266911000001100
3267011000001101
9744111000001108
11879511000001109
11879611000001108
17888711000001100
17888811000001108
37012111000001104
37012211000001105
37602311000001109
37602411000001102
38862511000001104
38862611000001100
11816311000001103
11801011000001106
11801111000001107
11801211000001101
11816211000001106
11801311000001109
11801411000001102
11801511000001103
42207911000001107
12556211000001102
12556311000001105
12556411000001103
40096811000001100
40096911000001105
40195911000001108
40196111000001104
40263511000001101
40263611000001102
42028911000001106
42029011000001102
4090511000001101
4082911000001106
4083011000001103
4083111000001102
4083711000001101
4083811000001109
39415611000001102
39415711000001106
42208011000001109
16428311000001104
35602811000001101
16428411000001106
16428511000001105
35602911000001106
35603011000001103
