42217211000001101
982511000001103
1259111000001109
1027111000001105
526311000001106
1327911000001107
1328011000001109
390711000001102
1328111000001105
596111000001103
1329111000001103
783511000001101
1329311000001101
25811000001105
1329411000001108
1329511000001107
156611000001107
2282811000001100
1329611000001106
820611000001102
1329811000001105
690411000001100
1629811000001103
3708611000001101
15201811000001105
15201911000001100
30111811000001101
30111911000001106
39918811000001105
39918911000001100
42217111000001107
1153011000001108
1284711000001102
1038611000001101
127711000001104
1333111000001104
1333011000001100
469111000001104
1333211000001105
590011000001102
1333311000001102
485611000001106
1333411000001109
867011000001103
1333511000001108
896311000001100
1333711000001103
1333611000001107
887611000001108
1333811000001106
4582211000001100
140411000001109
1333911000001101
642311000001102
1334011000001103
409311000001103
1334111000001102
15201611000001106
15201711000001102
30111611000001100
30111711000001109
30944511000001107
30944611000001106
36405911000001103
36406011000001106
39919011000001109
39919111000001105
40603411000001102
40603511000001103
42217411000001102
1198211000001102
962411000001100
100911000001107
1334211000001108
1334311000001100
7911000001103
1334411000001107
279811000001100
1334511000001106
803411000001104
1334611000001105
258911000001104
1334711000001101
534011000001101
1334811000001109
569211000001103
1334911000001104
1335011000001104
783211000001104
1335111000001103
223411000001100
1335211000001109
3708411000001104
21911511000001106
21911611000001105
30111411000001103
30111511000001104
36405711000001100
36405811000001108
37272411000001108
37272511000001107
39918211000001109
39918311000001101
40602911000001103
40603111000001107
42217311000001109
969111000001101
1067011000001102
413611000001109
1335311000001101
1335411000001108
797711000001100
1335511000001107
454211000001101
1335611000001106
90311000001104
1335711000001102
557111000001106
1335811000001105
422111000001103
1335911000001100
1336011000001108
81311000001105
1336111000001109
1336211000001103
669211000001108
1336311000001106
232211000001107
1336411000001104
3708311000001106
21911311000001100
21911411000001107
30111211000001102
30111311000001105
36405511000001105
36405611000001109
37272211000001109
37272311000001101
39918611000001106
39918711000001102
40602711000001100
40602811000001108
35367911000001103
1080011000001101
18633511000001109
19874111000001105
19930411000001101
846611000001102
1336511000001100
7418511000001104
7418611000001100
16449211000001100
16449411000001101
39732011000001102
995011000001102
5332511000001100
37075711000001101
172711000001100
1336811000001102
7304611000001104
7304711000001108
39538811000001106
7305311000001108
7305511000001102
37766111000001102
7305711000001107
7305811000001104
7333311000001100
7333411000001107
7376311000001107
7376411000001100
7378711000001105
7378811000001102
7391211000001101
7393311000001105
37075911000001104
7535711000001103
7535811000001106
8038211000001107
8038311000001104
8046211000001107
8046311000001104
9557111000001102
9557211000001108
10287111000001103
10287311000001101
10378211000001106
10378411000001105
11008811000001105
11009011000001109
11398511000001109
11398711000001104
13764411000001106
13764511000001105
14112311000001100
14112711000001101
14768911000001108
14769011000001104
15064611000001101
15064811000001102
15981411000001105
15981511000001109
17779111000001100
17779411000001105
42567211000001106
18458011000001107
18458111000001108
39412311000001101
19164711000001109
19164811000001101
19705311000001103
19705511000001109
37755511000001107
19833111000001106
19833211000001100
22080611000001107
22080711000001103
29992111000001103
29995611000001102
35134611000001100
35134711000001109
36837111000001108
36837311000001105
37565711000001108
37565311000001109
37893211000001101
37893311000001109
38437411000001104
38438011000001109
38785011000001102
38785111000001101
39842211000001105
40200411000001107
40200611000001105
41103211000001109
41103311000001101
42713711000001106
42713811000001103
43011711000001102
43011811000001105
38750211000001107
987811000001102
10492611000001108
14754111000001106
525311000001101
1336911000001107
782111000001104
1337111000001107
740811000001102
1337211000001101
540111000001108
1337311000001109
675611000001104
1337411000001102
3634111000001100
3634211000001106
7380911000001104
7381011000001107
7418711000001109
7418811000001101
7852611000001103
7852711000001107
7855011000001100
7855111000001104
9208311000001103
9208511000001109
9527111000001101
9527211000001107
10415911000001109
10416111000001100
10910611000001109
10910711000001100
16438111000001103
16438211000001109
39731911000001109
1269311000001103
5332411000001104
5449311000001106
37076011000001107
408111000001107
1337011000001106
7304811000001100
7304911000001105
39541711000001109
7305011000001105
7305211000001100
37765911000001106
7308711000001100
7308811000001108
7333511000001106
7333611000001105
7376511000001101
7376611000001102
7378911000001107
7379011000001103
7391311000001109
7391411000001102
37076111000001108
7536011000001109
7536111000001105
8038411000001106
8038511000001105
8046411000001106
8046511000001105
9557311000001100
9557411000001107
10286711000001100
10286911000001103
10378511000001109
10378711000001104
11009211000001104
11009411000001100
11399011000001106
11399111000001107
13764211000001107
13764311000001104
14113111000001108
14113211000001102
14769111000001103
14769211000001109
15064211000001103
15064311000001106
15981211000001106
15981311000001103
17779511000001109
17779711000001104
42567311000001103
18457811000001100
18457911000001105
39412411000001108
19164911000001106
19165011000001106
19704911000001101
19705111000001100
37755611000001106
19833311000001108
19833411000001101
22080811000001106
22080911000001101
29992411000001108
29992511000001107
35134811000001101
35134911000001106
36837811000001101
36837911000001106
37565411000001102
37565511000001103
37892911000001103
37893111000001107
38259611000001106
38259811000001105
38784811000001107
38784911000001102
39841911000001107
40200211000001108
40200311000001100
41103411000001108
41103711000001102
41125011000001109
41125211000001104
42391711000001107
42391811000001104
42713911000001108
42714011000001106
39020311000001104
1006911000001100
5401611000001106
12787511000001106
562711000001104
1354711000001102
35477411000001106
3800311000001106
3800411000001104
11493211000001105
11493311000001102
11506711000001103
11506811000001106
13127311000001107
13127411000001100
13565311000001101
13565411000001108
18167311000001103
18167411000001105
18681211000001100
18681311000001108
24221811000001105
24222011000001107
40122211000001100
40122311000001108
40695211000001100
40695311000001108
39020511000001105
1004711000001106
4785311000001101
48511000001101
1355111000001104
3800711000001105
3800811000001102
4785511000001107
8990211000001107
4785811000001105
4973011000001100
4973211000001105
5008911000001100
5009011000001109
5638811000001106
5639011000001105
7388311000001103
7388511000001109
7887511000001107
7887611000001106
8089811000001107
8089911000001102
9359611000001103
9359711000001107
10284611000001100
10284711000001109
11404811000001107
11404911000001102
18252511000001100
18252811000001102
38249811000001108
38249911000001103
40695611000001103
40695711000001107
39020611000001109
1097211000001109
4785011000001104
490211000001101
1355211000001105
3800511000001100
3800611000001101
4785111000001103
8990111000001101
4785211000001109
4972811000001103
4972911000001108
5008511000001107
5008811000001105
5638311000001102
5638511000001108
7387911000001103
7388111000001100
7887011000001104
7887111000001103
8090111000001106
8090311000001108
10284411000001103
10284511000001104
11404611000001108
11404711000001104
18250911000001108
18251311000001102
38250011000001107
38250111000001108
40695411000001101
40695511000001102
42212811000001103
982111000001107
1274811000001104
910911000001108
1356011000001109
1356111000001105
18565411000001107
18565511000001106
18642411000001100
18642511000001101
22055911000001101
22056011000001109
27864211000001102
27864311000001105
27925211000001102
27925311000001105
29882711000001105
29882811000001102
30059811000001104
30059911000001109
32414311000001100
32414411000001107
34880711000001106
34880811000001103
36943311000001105
36943411000001103
37093811000001104
37094111000001108
39010711000001108
39010811000001100
42212911000001108
1196711000001105
1159611000001104
333011000001100
1356211000001104
1356311000001107
18565211000001108
18565311000001100
18642611000001102
18642711000001106
22056111000001105
22056211000001104
27864411000001103
27864511000001104
27925411000001103
27925511000001104
28882211000001100
28882311000001108
29882911000001107
29883011000001104
30060011000001106
30060111000001107
32414511000001106
32414611000001105
34880911000001108
34881011000001100
36943511000001104
36943611000001100
37094311000001105
37094411000001103
39010911000001105
39011011000001102
42213011000001100
963911000001101
11766611000001109
13983311000001106
14765311000001103
20011000001105
1367411000001105
15608411000001103
15608511000001104
16606811000001100
16607111000001105
16640211000001105
16640311000001102
16666611000001103
16666711000001107
16725911000001102
16726011000001105
16732011000001109
16732111000001105
17935311000001108
17935611000001103
20290611000001105
20290711000001101
20911211000001100
20911311000001108
21857411000001103
21857811000001101
22063511000001104
22063611000001100
22337311000001108
22337611000001103
24363711000001103
24363911000001101
29884811000001108
29884911000001103
30219211000001104
30219311000001107
32414711000001101
32414811000001109
36817911000001104
36818011000001102
39012511000001102
39012711000001107
41493611000001109
41493711000001100
42362111000001104
42362211000001105
36565011000001105
1101711000001102
219711000001103
1385611000001104
36149411000001103
1094511000001104
391811000001102
1385811000001100
39021011000001106
1086111000001102
65411000001102
1386011000001102
42214711000001101
994811000001107
710711000001100
1494611000001106
170911000001102
1495311000001102
28211000001102
1495511000001108
291111000001102
1495811000001106
743711000001101
1629711000001106
3656911000001106
3657011000001105
13760511000001101
13760611000001102
15237411000001107
15237511000001106
17946311000001104
17946411000001106
39052611000001106
39052711000001102
39021711000001108
1257211000001109
540311000001105
1498511000001100
39021811000001100
976411000001105
16144811000001102
118811000001102
1499711000001101
42214611000001105
1236911000001104
5498111000001108
854411000001105
1500711000001102
373211000001108
1501211000001103
513111000001107
1501711000001105
344811000001108
1502111000001104
403011000001104
1629611000001102
3656311000001105
3656611000001100
13760311000001107
13760411000001100
15237211000001108
15237311000001100
17946111000001101
17946211000001107
39052411000001108
39052511000001107
42215011000001104
1097411000001108
951911000001109
1223611000001102
5329211000001108
498311000001106
1717111000001100
39881311000001101
639811000001100
1717211000001106
295511000001109
1717311000001103
811311000001107
1717411000001105
782511000001108
1717511000001109
460311000001106
1717611000001108
868811000001108
1717711000001104
652811000001109
1717811000001107
1718211000001105
483111000001104
1718311000001102
874811000001109
1718411000001109
37874911000001104
18283911000001107
18284011000001105
21819811000001100
21819911000001105
37210011000001108
37210211000001103
39057611000001109
39057811000001108
39057711000001100
42091411000001102
42091511000001103
39022511000001106
1229811000001101
389611000001101
1718911000001101
39022611000001105
1044111000001102
235511000001104
1719111000001106
630411000001107
1719211000001100
9049911000001105
9050011000001101
10189311000001108
10189411000001101
10751411000001101
10751511000001102
13402111000001101
13402211000001107
17666211000001101
17666311000001109
34685811000001103
34685911000001108
38990711000001102
38990811000001105
39022711000001101
1229911000001106
568911000001104
1730611000001102
569011000001108
1732011000001108
904011000001104
1732311000001106
413111000001101
1732711000001105
25911000001100
1733011000001104
712411000001107
1733411000001108
627111000001104
1733811000001105
833611000001109
1734011000001102
4878111000001101
4878211000001107
7856211000001104
7856511000001101
32425911000001106
32426011000001103
39022811000001109
1090911000001101
1022611000001100
1014111000001107
5341311000001101
5341411000001108
14042911000001100
865011000001105
1736311000001105
5011000001109
1736411000001103
881811000001100
1736511000001104
619111000001101
1736611000001100
17011000001100
1736811000001101
309611000001102
1737111000001106
385611000001104
1737311000001108
280811000001100
1737511000001102
1737611000001103
905711000001103
1737911000001109
677411000001108
1738311000001109
693311000001101
1738611000001104
67711000001102
1738811000001100
843411000001105
1739211000001106
74111000001103
1739311000001103
7855311000001102
7855411000001109
7856611000001102
7856711000001106
9485111000001105
9485211000001104
32426111000001102
32426211000001108
39214711000001106
39214811000001103
39022911000001104
1284011000001104
126411000001108
1739411000001105
42215111000001103
1052511000001103
1164511000001108
1107611000001102
720511000001103
1739511000001109
39881411000001108
287311000001105
1739611000001108
168411000001100
1739711000001104
27111000001107
1739811000001107
726811000001103
1739911000001102
652011000001103
1743311000001100
814611000001100
1743411000001107
1743511000001106
145411000001102
1743611000001105
440211000001106
1743711000001101
37874811000001109
15057011000001106
15057111000001107
18283711000001105
18283811000001102
21819611000001104
21819711000001108
37209611000001109
37209811000001108
39883511000001106
39883611000001105
40362911000001109
40363011000001101
42078311000001106
42079211000001108
39023011000001107
1245111000001109
721811000001108
1790311000001100
417111000001109
1790711000001101
937011000001101
1790911000001104
591411000001102
1791411000001103
469811000001106
1791611000001100
540011000001107
1791811000001101
8885711000001100
8886011000001106
39023111000001108
1226311000001103
200811000001104
1792411000001108
682311000001105
1792611000001106
353011000001101
1793111000001109
157511000001105
1793311000001106
256611000001109
1793911000001107
764511000001100
1794411000001101
857011000001109
1795211000001104
2887011000001102
2887111000001101
8886211000001101
8886311000001109
39023211000001102
1261611000001107
1310011000001103
655411000001104
1796111000001104
5711000001106
1796311000001102
243111000001108
1796411000001109
105211000001107
1796811000001106
723811000001107
1797011000001102
32311000001105
1797211000001107
758511000001104
1797511000001105
130211000001109
1797611000001109
116711000001106
1797911000001103
580711000001101
1798211000001106
298811000001103
1798411000001105
2887311000001104
2887511000001105
2937811000001108
2937911000001103
8886511000001103
8886611000001104
21965711000001100
21965811000001108
39023311000001105
968911000001106
1278711000001104
10502211000001101
254911000001106
1799311000001109
813611000001103
1799511000001103
33211000001108
1799811000001100
119211000001108
1800011000001103
924711000001109
1800111000001102
713411000001103
1800311000001100
336611000001101
1800411000001107
2886711000001103
2886811000001106
2938011000001101
2938111000001100
21965911000001103
21966011000001106
39023411000001103
1006211000001109
5426511000001107
261611000001107
1800711000001101
2886511000001108
2886611000001107
39023511000001104
1026111000001107
733511000001107
1801111000001108
345411000001107
1801311000001105
886511000001107
1801411000001103
599811000001104
1801511000001104
823511000001107
1801811000001101
108711000001107
1802111000001103
884811000001103
1802511000001107
75111000001104
1802211000001109
2886311000001102
2886411000001109
21966111000001107
21966211000001101
39023611000001100
1188811000001100
866811000001107
1803111000001109
407011000001105
1803411000001104
550211000001104
1803611000001101
640311000001101
1804011000001105
893111000001107
1804211000001100
158411000001105
1804311000001108
467111000001105
1804511000001102
34711000001104
2634511000001103
2886111000001104
2886211000001105
21965511000001105
21965611000001109
39023711000001109
1089211000001104
648211000001107
1804911000001109
39023811000001101
952711000001100
1291811000001109
1035911000001101
37730511000001101
215411000001106
1806711000001103
1806811000001106
896111000001102
1806911000001101
19432211000001101
391911000001107
1807011000001102
672311000001103
1807111000001101
749011000001100
1807211000001107
502211000001105
1807411000001106
544111000001104
1807711000001100
865711000001107
33649211000001106
1808111000001100
527711000001108
1808511000001109
762011000001102
1808711000001104
673611000001103
1809111000001107
526711000001105
1809311000001109
1809511000001103
10402111000001102
10402211000001108
14107311000001101
14107411000001108
15082411000001109
24597011000001106
15082511000001108
23833311000001105
23833411000001103
23833611000001100
30139111000001101
30139211000001107
30139311000001104
32405111000001100
32405211000001106
35526611000001102
35526711000001106
41957411000001105
41957511000001109
43139711000001103
43139811000001106
39023911000001106
1200511000001102
5423311000001105
14667211000001106
440711000001104
1810811000001106
219611000001107
1811111000001105
103611000001105
1811211000001104
39024011000001109
1191411000001105
5423611000001100
13209111000001109
144811000001101
1811711000001106
104111000001100
1811811000001103
383911000001109
1812011000001101
2885611000001102
2885811000001103
39107511000001109
941911000001106
162811000001100
2165711000001100
39107611000001108
1266011000001107
188711000001108
2167211000001104
39111711000001105
2881111000001108
18186511000001105
2881311000001105
2881611000001100
2881811000001101
2881911000001106
2882011000001104
2882111000001103
9049711000001108
9049811000001100
10189111000001106
10189211000001100
10751211000001100
10751311000001108
13401911000001109
13402011000001102
17666011000001106
17666111000001107
34685211000001104
34685711000001106
38994311000001109
38994611000001104
38896511000001101
3381311000001104
3381511000001105
3381711000001100
42212711000001106
3689611000001104
3689711000001108
3689811000001100
22133211000001103
22133511000001100
22450011000001103
22450111000001102
22582411000001107
22582511000001106
30059011000001105
30059111000001106
36031811000001107
3876911000001104
18175411000001106
3877011000001100
3877211000001105
18175611000001109
18175711000001100
42215211000001109
3879111000001105
3879211000001104
3879411000001100
36032011000001109
4069011000001103
18176111000001107
4069211000001108
4069411000001107
18176211000001101
18176311000001109
36031911000001102
4069911000001104
18175811000001108
4070011000001100
4070111000001104
18175911000001103
18176011000001106
4139411000001106
4129411000001108
4129511000001107
4129711000001102
21267011000001108
21267111000001109
21838611000001100
21838711000001109
21911011000001103
21911111000001102
22833311000001103
22833411000001105
24413411000001101
24413511000001102
26460111000001109
26461211000001109
28038411000001109
28038511000001108
31518211000001106
31518711000001104
32760311000001101
32760411000001108
33139011000001101
33139111000001100
33560811000001102
33560911000001107
39918411000001108
39918511000001107
36031711000001104
4386511000001104
37306211000001108
4387211000001100
4387311000001108
37306311000001100
36149611000001100
4399611000001109
4399811000001108
4399911000001103
8278211000001104
8246211000001101
8246411000001102
8246611000001104
8278311000001107
8247011000001109
19594611000001105
8247211000001104
8247611000001102
19594811000001109
8278111000001105
8247511000001101
19594111000001102
19933011000001100
8247711000001106
8248011000001105
19594211000001108
19933111000001104
8456811000001103
8442411000001104
8442611000001101
8442811000001102
8457011000001107
8442711000001105
8443011000001104
8443211000001109
8456711000001106
8443311000001101
8443611000001106
8443811000001105
8456911000001108
8444311000001104
23390411000001101
8444511000001105
8444711000001100
23390511000001102
8670011000001105
8639511000001107
8639811000001105
8640011000001106
8670111000001106
8640311000001109
23394211000001108
8640411000001102
8640611000001104
23394311000001100
8670411000001101
8641011000001102
8641111000001101
8641311000001104
8670211000001100
8641411000001106
8641711000001100
8641811000001108
8670311000001108
8642111000001106
27880211000001108
8642511000001102
8642711000001107
27880311000001100
9096811000001100
9072511000001108
9072611000001107
15878311000001108
9072711000001103
9072811000001106
9072911000001101
15878411000001101
39564411000001107
15878511000001102
10225911000001102
10198611000001106
11540111000001107
11766811000001108
12200711000001107
10198711000001102
10198811000001105
15608611000001100
15608711000001109
16607211000001104
16607311000001107
16640011000001100
16640111000001104
16666411000001101
16666511000001102
16726111000001106
16726211000001100
16732211000001104
16732311000001107
17935511000001102
17944011000001107
20911411000001101
20911511000001102
21857911000001106
21858011000001108
22063711000001109
22063811000001101
22337711000001107
22337811000001104
24364011000001103
24364111000001102
29885011000001103
29885111000001102
30219411000001100
30219511000001101
36818111000001101
36818311000001104
39012811000001104
39013011000001101
41493811000001108
41493911000001103
42362311000001102
42362411000001109
11160111000001107
11160611000001104
13163711000001105
11160711000001108
11161211000001107
40876711000001103
40876811000001106
41326211000001101
41326311000001109
42051711000001103
42052111000001109
11160211000001101
11161411000001106
13163411000001104
11161511000001105
11161611000001109
40876511000001108
40876611000001107
41938311000001103
41938411000001105
42052411000001104
42052511000001100
11160311000001109
11161711000001100
13163111000001109
40524111000001106
11161811000001108
11161911000001103
40876211000001105
40876311000001102
41326411000001102
41326611000001104
42052211000001103
42052311000001106
11712011000001102
11685811000001107
11685911000001102
11686011000001105
11711911000001109
11686111000001106
11686211000001100
11686311000001108
11712211000001107
11686711000001107
11686811000001104
11686911000001109
11712111000001101
11687311000001106
11687411000001104
11687511000001100
12027011000001109
12001111000001107
12001211000001101
12001311000001109
12027111000001105
12001511000001103
12001611000001104
12001811000001100
12027311000001107
12002111000001102
12002311000001100
12002511000001106
12027611000001102
12002611000001105
12002711000001101
12002811000001109
12027811000001103
12003011000001107
12003311000001105
12003711000001109
12027911000001108
12003911000001106
12004111000001105
12004311000001107
12302611000001109
12277111000001101
12277211000001107
12278211000001106
12302711000001100
12278611000001108
12278911000001102
12279111000001107
12303011000001106
12281211000001107
12281311000001104
12284311000001101
12303111000001107
12284411000001108
12284511000001107
12284611000001106
12303311000001109
12284711000001102
12284811000001105
12284911000001100
12862311000001102
12818711000001101
12818811000001109
12818911000001104
12862411000001109
12819011000001108
12819111000001109
12819211000001103
12862511000001108
12819311000001106
12819411000001104
12819511000001100
12862611000001107
12819611000001101
12819711000001105
12819811000001102
12862711000001103
12819911000001107
12820011000001109
12820111000001105
12865111000001106
12820211000001104
12820311000001107
12820411000001100
12941011000001107
12933311000001105
12933411000001103
12933511000001104
12940911000001104
12933611000001100
12933711000001109
12933811000001101
13014411000001108
12941111000001108
12941211000001102
12941311000001105
13014311000001101
12941411000001103
12941511000001104
12941611000001100
13014611000001106
12941711000001109
12941811000001101
12941911000001106
13014511000001107
12942011000001104
12942111000001103
12942211000001109
13014811000001105
12942311000001101
12942411000001108
12942511000001107
13014711000001102
12942611000001106
12942711000001102
12942811000001105
13015011000001100
12942911000001100
12943011000001108
12943111000001109
13014911000001100
12943211000001103
12943311000001106
12943411000001104
13015211000001105
12943511000001100
12943611000001101
12943711000001105
13015111000001104
12943811000001102
12943911000001107
12944011000001105
13015411000001109
12944111000001106
12944211000001100
12944311000001108
13015311000001102
12944411000001101
12944511000001102
12944611000001103
13015611000001107
12944711000001107
12944811000001104
12944911000001109
13015511000001108
12945011000001109
12945111000001105
12945211000001104
13015811000001106
12945311000001107
12945411000001100
12945511000001101
13015711000001103
12945611000001102
12945711000001106
12945811000001103
13016011000001109
12945911000001108
12946011000001100
12946111000001104
13015911000001101
12946211000001105
12946311000001102
12946411000001109
13892511000001100
13882411000001103
19594311000001100
13882511000001104
13882611000001100
19594411000001107
15243911000001109
15236911000001102
15873711000001101
15237611000001105
15237711000001101
15873311000001100
15873911000001104
15773711000001103
15654911000001106
15655011000001106
15655111000001107
15773611000001107
15655211000001101
15655311000001109
15655411000001102
15773411000001109
15655511000001103
15655611000001104
15655711000001108
15773511000001108
15655811000001100
15655911000001105
15656011000001102
18029311000001107
18026811000001109
18026911000001104
18027011000001100
18029411000001100
18027111000001104
18027211000001105
18027311000001102
20478011000001105
20428211000001104
20428311000001107
20428411000001100
20428611000001102
20428811000001103
20456111000001105
20431611000001108
20434211000001108
20431711000001104
20431811000001107
40533711000001107
20434311000001100
20434511000001106
29826211000001109
29780111000001108
29780211000001102
29780311000001105
29781411000001107
29781511000001106
29932711000001105
29932811000001102
30217411000001109
30217611000001107
30822011000001101
30822111000001100
32872011000001107
32872111000001108
29826311000001101
29780611000001100
29780711000001109
29780811000001101
29781211000001108
29781311000001100
29932511000001100
29932611000001101
30216911000001104
30217111000001104
30821811000001103
30821911000001108
39842311000001102
39842411000001109
40621911000001104
40622011000001106
32877511000001101
32859311000001100
32859511000001106
32859611000001105
34447411000001102
34431411000001106
34431711000001100
34431811000001108
36237311000001101
36168911000001107
36169111000001102
36169211000001108
36644511000001102
36644911000001109
37180311000001107
37180411000001100
40331111000001108
40331211000001102
38019311000001102
38017711000001106
38017811000001103
38018111000001106
42206211000001100
38095411000001105
38095611000001108
38095711000001104
38739711000001108
38739811000001100
38952611000001103
38952711000001107
39842011000001100
39842111000001104
40330911000001104
40331011000001107
40836811000001109
40836911000001104