36071811000001105
971411000001104
279311000001109
2644611000001100
41984511000001109
2838811000001104
2838911000001109
2839111000001104
4339911000001106
4334311000001109
9259911000001101
34185211000001103
4334511000001103
4334611000001104
9260011000001104
19812911000001105
19813011000001102
21393711000001109
21393811000001101
21393911000001106
22024211000001105
22024311000001102
22024411000001109
23304211000001106
23304311000001103
23304411000001105
23361211000001108
23361411000001107
32775811000001105
23913411000001101
23913511000001102
24096011000001105
24096111000001106
24554911000001109
24555011000001109
24658511000001104
24658611000001100
28800211000001100
28800311000001108
30877811000001109
30878111000001101
30878311000001104
34185311000001106
34185411000001104
37756811000001102
37757011000001106
38101311000001106
38101411000001104
40861911000001101
40862011000001108
42179411000001102
42179511000001103
