39020211000001107
1197411000001102
1273811000001102
68411000001107
1344711000001100
888111000001104
1344911000001103
880511000001105
1345111000001102
349711000001104
1345411000001107
7531411000001106
7531511000001105
41150511000001107
41150611000001106
42210811000001104
1303611000001104
1150411000001107
5390111000001102
283511000001109
1388611000001105
1388411000001107
646111000001100
10645611000001108
1388811000001109
235811000001101
1391011000001108
449011000001109
1391311000001106
389111000001109
1391611000001101
273311000001106
1392011000001100
1392111000001104
11428211000001105
11428311000001102
13753011000001105
13753111000001106
13753211000001100
15090511000001106
15090611000001105
22025211000001106
22025511000001109
23920311000001107
23920411000001100
23936011000001105
23936111000001106
30134311000001100
30134411000001107
42206811000001104
1295311000001103
527311000001109
1392911000001101
51311000001102
1393411000001100
137611000001105
1393611000001102
130711000001102
1393811000001103
486511000001100
1394211000001101
9526011000001100
9526111000001104
15055111000001103
15055311000001101
17802711000001104
17803111000001106
20943211000001107
20943311000001104
21794911000001107
21795011000001107
22621011000001109
22621111000001105
30000811000001101
30000911000001106
41148011000001104
41148111000001103
42207411000001104
1306511000001106
457811000001109
1395111000001106
16034411000001109
16035011000001101
16165111000001101
16165211000001107
16442211000001108
16442311000001100
19713211000001105
19713311000001102
23647911000001105
23648011000001107
29788711000001106
29788811000001103
29920711000001108
29920811000001100
38834111000001108
38834211000001102
40979011000001101
40979111000001100
42210711000001107
1093011000001105
20979811000001109
888411000001109
2225011000001106
139911000001106
2225111000001107
604511000001108
2225211000001101
383511000001102
2225311000001109
20979911000001104
135911000001109
2225411000001102
42209911000001100
2950711000001100
10507111000001109
2950911000001103
2951011000001106
17327211000001100
17327311000001108
17880311000001101
17880411000001108
20411211000001102
20411311000001105
20505911000001101
20506111000001105
21979611000001103
21979711000001107
23916211000001107
23916311000001104
29860711000001109
29860811000001101
30054611000001102
30054711000001106
30128711000001106
30128811000001103
36872511000001100
36872611000001101
38904411000001104
38904511000001100
42210011000001105
2951511000001103
5383711000001106
2952311000001100
2952611000001105
2952711000001101
2953011000001107
2953111000001108
2953311000001105
3696711000001102
3696811000001105
4255511000001106
4255611000001105
4579711000001108
4579811000001100
9157011000001106
9157111000001107
13469211000001100
13469311000001108
13720811000001105
13721011000001108
15004711000001109
15004811000001101
17327411000001101
17327511000001102
17905511000001105
17905611000001109
21979811000001104
21979911000001109
23977311000001109
23977411000001102
29860911000001106
29861011000001103
37067311000001104
37067511000001105
38904611000001101
38904711000001105
42210211000001100
2956611000001106
5557511000001101
2957011000001101
2957211000001106
13720411000001108
13720611000001106
15004411000001103
15004611000001100
15084411000001102
15084511000001103
16184011000001103
16184311000001100
17299611000001108
17299711000001104
21979411000001101
21979511000001102
23977711000001108
23977811000001100
38904811000001102
38904911000001107
39988711000001104
39988811000001107
42210111000001106
2957711000001104
10784511000001108
2957911000001102
2958111000001104
10138711000001106
10138811000001103
10639311000001102
10639411000001109
13721411000001104
13721511000001100
15084211000001101
15084311000001109
16165511000001105
16165611000001109
16547611000001102
16547911000001108
17905711000001100
17905811000001108
21980011000001105
21980111000001106
23977511000001103
23977611000001104
32407011000001108
32407111000001109
36621411000001100
36621511000001101
37067611000001109
37067811000001108
38905011000001107
38905111000001108
9843611000001100
9835511000001104
9835611000001100
9835711000001109
12286611000001102
12232111000001101
12232211000001107
12232311000001104
32234311000001109
32169711000001100
32169911000001103
32170111000001103
32234211000001101
32170711000001102
32170911000001100
32171111000001109
32474111000001108
32473311000001108
32473411000001101
32473511000001102
